1024 128 -0.749481250E-05 0.749481250E-05 -1
-100.0 0.0 0.0 /
1.0 0.0 0.0  /
0.13 4.0d9 0.511005d+06 -1.0 1.3d9
!----------------
-97.748578593 1 10 0 0.2e-3 /
-80.329601 1 10 0 0.2e-3 /
0.0 0 224 -2 1024.0 /
!--- RW wake RWWAKE1 (250m SS at 24.5mm)
0.0 0 1 -41 24.0 46 1.0 /
-1 1 10 0 1.0 /
0.0 0 1 -41 1. 46 -1.0 /
-193.468002 1 10 0 0.2e-3 /
-100.187336314 1 10 0 0.2e-3 /
0.0 0 222 -2 1024.0 /
0.0 0 1 -41 1.0 41 1.0 /
-166.038878 4 1 103 0.2e-3 14.677427224798d6 1.3e9 10.0 -1.01 1.0 /
0.0 0 1 -41 1.0 41 -1.0 /
0.0 0 214 -2 1024.0 /
-34.162976438 1 10 0 0.2e-3 /
-0.549165215621 10 1 4 0.2e-3 9.86910678674 -0.059542132248146 0.0793895096641947 0.0424879167998 2.01 0.0  / 1.005x
0.0 0 212 -2 1024.0 /
-23.684874436 1 10 0 0.2e-3 /
-53.693543574 1 10 0 0.2e-3 /
0.0 0 1 -41 1.0 41 1.0 /
-99.623328 4 1 103 0.2e-3 14.515130119285d6 1.3e9 -21.0 -1.01 1.0 /
0.0 0 1 -41 1.0 41 -1.0 /
-50.497160326 1 10 0 0.2e-3 /
0.0 0 210 -2 1024.0 /
-0.203558243263 10 1 4 0.3e-3 2.44781923989 -0.079148634163993 0.105531512218657 -0.102786245824  2.01 0.0 / 1.005x
0.0 0 208 -2 1024.0 /
-7.256313209 1 10 0 0.3e-3 /
-12.518616788 1 10 0 0.3e-3 /
0.0 0 1 -41 1.0 42 1.0 /
-5.5346304 2 1 103 0.3e-3 11.6900308284362d6 3.9e9 -150.0 -1.01 1.0 /
0.0 0 1 -41 1.0 42 -1.0 /
-8.5305163742 1 10 0 0.3e-3 /
0.0 0 1 -41 1.0 41 1.0 /
-16.603888 2 1 103 0.3e-3 12.719845879114d6 1.3e9 -12.7 -1.01 1.0 /
0.0 0 1 -41 1.0 41 -1.0 /
-74.9744159418 2 10 0 0.3e-3 /
