   -0.177172398683E-03   -0.256819807509E+02    0.629130180044E-16   -0.315808363232E-02
   -0.176733431188E-03   -0.256283117152E+02    0.396106095920E-15   -0.315148401273E-02
   -0.176225717370E-03   -0.255776684529E+02    0.730643411349E-15   -0.314525646901E-02
   -0.175713822913E-03   -0.255272103549E+02    0.106129624137E-14   -0.313905169475E-02
   -0.175215507216E-03   -0.254761276988E+02    0.139423546720E-14   -0.313277011928E-02
   -0.174717250314E-03   -0.254250209147E+02    0.172449072206E-14   -0.312648557683E-02
   -0.174223307782E-03   -0.253737148316E+02    0.206574499193E-14   -0.312017652681E-02
   -0.173726206181E-03   -0.253225837455E+02    0.238559996507E-14   -0.311388899596E-02
   -0.173230954641E-03   -0.252713925645E+02    0.272173215291E-14   -0.310759407531E-02
   -0.172742855110E-03   -0.252199140429E+02    0.307139510354E-14   -0.310126382073E-02
   -0.172256728445E-03   -0.251683630123E+02    0.340848059128E-14   -0.309492464980E-02
   -0.171770874404E-03   -0.251168424602E+02    0.374890178202E-14   -0.308858922676E-02
   -0.171286104212E-03   -0.250653029913E+02    0.410105719702E-14   -0.308225147756E-02
   -0.170803277541E-03   -0.250137079062E+02    0.443996123554E-14   -0.307590688928E-02
   -0.170310669921E-03   -0.249625465866E+02    0.479262801212E-14   -0.306961564066E-02
   -0.169833404770E-03   -0.249107731577E+02    0.514865758371E-14   -0.306324912166E-02
   -0.169355955851E-03   -0.248590401754E+02    0.549810549155E-14   -0.305688757634E-02
   -0.168876642832E-03   -0.248074181803E+02    0.585324610676E-14   -0.305053967898E-02
   -0.168398633034E-03   -0.247557592983E+02    0.622451154414E-14   -0.304418724568E-02
   -0.167919376775E-03   -0.247041498820E+02    0.656389138597E-14   -0.303784089511E-02
   -0.167443828315E-03   -0.246524097183E+02    0.692541386139E-14   -0.303147846670E-02
   -0.166967134842E-03   -0.246007294860E+02    0.729790013220E-14   -0.302512340798E-02
   -0.166490884074E-03   -0.245490422629E+02    0.766247384457E-14   -0.301876748961E-02
   -0.166016740260E-03   -0.244972644099E+02    0.803307044811E-14   -0.301240042658E-02
   -0.165538738642E-03   -0.244456735903E+02    0.839442698500E-14   -0.300605636284E-02
   -0.165065932769E-03   -0.243938774429E+02    0.876357585956E-14   -0.299968705018E-02
   -0.164591826493E-03   -0.243421467181E+02    0.914040362403E-14   -0.299332578245E-02
   -0.164121212117E-03   -0.242902681640E+02    0.949029347019E-14   -0.298694633633E-02
   -0.163652193484E-03   -0.242383492525E+02    0.988435344250E-14   -0.298056192750E-02
   -0.163182103250E-03   -0.241864845717E+02    0.102714084385E-13   -0.297418418735E-02
   -0.162711722572E-03   -0.241346276940E+02    0.106354640163E-13   -0.296780740676E-02
   -0.162240255866E-03   -0.240827947165E+02    0.110126202713E-13   -0.296143356512E-02
   -0.161768570391E-03   -0.240309789772E+02    0.113920810399E-13   -0.295506184327E-02
   -0.161297857270E-03   -0.239791173784E+02    0.117734094636E-13   -0.294868448211E-02
   -0.160826830571E-03   -0.239272629245E+02    0.121441787786E-13   -0.294230799957E-02
   -0.160357115521E-03   -0.238753487618E+02    0.125293965981E-13   -0.293592417469E-02
   -0.159886040228E-03   -0.238234707342E+02    0.129446594501E-13   -0.292954479331E-02
   -0.159414616008E-03   -0.237716143374E+02    0.132996815378E-13   -0.292316807185E-02
   -0.158946174728E-03   -0.237196283156E+02    0.136955465149E-13   -0.291677541055E-02
   -0.158476256548E-03   -0.236676957256E+02    0.140771238463E-13   -0.291038931969E-02
   -0.158007627531E-03   -0.236156891471E+02    0.144876100394E-13   -0.290399413054E-02
   -0.157537620603E-03   -0.235637449652E+02    0.148948062472E-13   -0.289760661424E-02
   -0.157069500823E-03   -0.235117137398E+02    0.152495252430E-13   -0.289120839431E-02
   -0.156600796183E-03   -0.234596974969E+02    0.156284475581E-13   -0.288481201674E-02
   -0.156133491361E-03   -0.234076013389E+02    0.160190634594E-13   -0.287840581212E-02
   -0.155664023808E-03   -0.233555988006E+02    0.164789824004E-13   -0.287201111981E-02
   -0.155191822781E-03   -0.233036989820E+02    0.168551447175E-13   -0.286562905882E-02
   -0.154721312233E-03   -0.232517213143E+02    0.172359160618E-13   -0.285923742480E-02
   -0.154250106780E-03   -0.231997496113E+02    0.176218247274E-13   -0.285284652426E-02
   -0.153780259331E-03   -0.231477298585E+02    0.180262406182E-13   -0.284644971509E-02
   -0.153308915858E-03   -0.230957644276E+02    0.184487404218E-13   -0.284005958583E-02
   -0.152837872408E-03   -0.230437801432E+02    0.188588964311E-13   -0.283366713817E-02
   -0.152364469859E-03   -0.229918712106E+02    0.192419773687E-13   -0.282728395644E-02
   -0.151893602654E-03   -0.229398665989E+02    0.196947355544E-13   -0.282088900916E-02
   -0.151419889556E-03   -0.228879713103E+02    0.200976444525E-13   -0.281450750522E-02
   -0.150948276297E-03   -0.228359843182E+02    0.204992156830E-13   -0.280811472459E-02
   -0.150474989167E-03   -0.227840589529E+02    0.209163140182E-13   -0.280172952215E-02
   -0.150002600424E-03   -0.227320767193E+02    0.213319730908E-13   -0.279533732668E-02
   -0.149529806021E-03   -0.226801185913E+02    0.217665796337E-13   -0.278894809544E-02
   -0.149055351580E-03   -0.226282213844E+02    0.222267881205E-13   -0.278256635560E-02
   -0.148580343827E-03   -0.225763402705E+02    0.226470866987E-13   -0.277618659470E-02
   -0.148105608795E-03   -0.225244277826E+02    0.230700944774E-13   -0.276980297577E-02
   -0.147630830807E-03   -0.224725247424E+02    0.234868202976E-13   -0.276342051863E-02
   -0.147156708120E-03   -0.224205888805E+02    0.239661117148E-13   -0.275703402542E-02
   -0.146682283637E-03   -0.223686616735E+02    0.244250333314E-13   -0.275064859651E-02
   -0.146207493910E-03   -0.223167389565E+02    0.248628909148E-13   -0.274426371972E-02
   -0.145731439354E-03   -0.222648862565E+02    0.253051170838E-13   -0.273788745284E-02
   -0.145257673030E-03   -0.222129462630E+02    0.257494767482E-13   -0.273150045158E-02
   -0.144781919536E-03   -0.221610912618E+02    0.262678653137E-13   -0.272512390174E-02
   -0.144307141121E-03   -0.221091879629E+02    0.266801886833E-13   -0.271874141278E-02
   -0.143832483471E-03   -0.220572987261E+02    0.271778010682E-13   -0.271236065302E-02
   -0.143355852564E-03   -0.220054935473E+02    0.276752102631E-13   -0.270599022977E-02
   -0.142878970863E-03   -0.219537032525E+02    0.281825419044E-13   -0.269962163678E-02
   -0.142404295678E-03   -0.219018295798E+02    0.286310330994E-13   -0.269324279092E-02
   -0.141928124692E-03   -0.218500066719E+02    0.291029419455E-13   -0.268687018754E-02
   -0.141453162268E-03   -0.217981545123E+02    0.296313884175E-13   -0.268049398712E-02
   -0.140978496140E-03   -0.217463073556E+02    0.301414461918E-13   -0.267411840190E-02
   -0.140503354124E-03   -0.216945097511E+02    0.306218551541E-13   -0.266774891005E-02
   -0.140028718215E-03   -0.216427097728E+02    0.311377546417E-13   -0.266137912630E-02
   -0.139552586023E-03   -0.215910140505E+02    0.316727031947E-13   -0.265502216279E-02
   -0.139077381959E-03   -0.215393128458E+02    0.322135950562E-13   -0.264866452512E-02
   -0.138603069000E-03   -0.214876078091E+02    0.327179127121E-13   -0.264230641623E-02
   -0.138129012236E-03   -0.214359111344E+02    0.332545375828E-13   -0.263594933561E-02
   -0.137654703211E-03   -0.213842743306E+02    0.338049285782E-13   -0.262959961724E-02
   -0.137178455006E-03   -0.213327490684E+02    0.343754184541E-13   -0.262326361502E-02
   -0.136703057447E-03   -0.212812268032E+02    0.349306690776E-13   -0.261692798132E-02
   -0.136228914237E-03   -0.212296784453E+02    0.355040374789E-13   -0.261058913905E-02
   -0.135753164667E-03   -0.211782392989E+02    0.360940166652E-13   -0.260426372638E-02
   -0.135277284602E-03   -0.211268269696E+02    0.366838265265E-13   -0.259794161139E-02
   -0.134801171597E-03   -0.210754403142E+02    0.372754989631E-13   -0.259162265347E-02
   -0.134325652960E-03   -0.210240331709E+02    0.378604830611E-13   -0.258530117620E-02
   -0.133850654715E-03   -0.209726358385E+02    0.385220867332E-13   -0.257898090536E-02
   -0.133374750648E-03   -0.209212891686E+02    0.391450673670E-13   -0.257266686441E-02
   -0.132901541270E-03   -0.208698551339E+02    0.397763279945E-13   -0.256634208033E-02
   -0.132428709925E-03   -0.208184157821E+02    0.404582168046E-13   -0.256001664241E-02
   -0.131955658594E-03   -0.207669778253E+02    0.411216661195E-13   -0.255369137602E-02
   -0.131484352546E-03   -0.207154938274E+02    0.418248221528E-13   -0.254736044803E-02
   -0.131014512042E-03   -0.206639609887E+02    0.424794496338E-13   -0.254102351412E-02
   -0.130546059356E-03   -0.206123824774E+02    0.431505693724E-13   -0.253468096392E-02
   -0.130079292226E-03   -0.205607300485E+02    0.438055524359E-13   -0.252832932415E-02
   -0.129615969822E-03   -0.205089356252E+02    0.445651614328E-13   -0.252196022349E-02
   -0.129156652205E-03   -0.204569542399E+02    0.453344388886E-13   -0.251556813234E-02
   -0.128696496858E-03   -0.204049685647E+02    0.460501080413E-13   -0.250917551365E-02
   -0.128238464586E-03   -0.203528529125E+02    0.467344012668E-13   -0.250276691185E-02
   -0.127780503905E-03   -0.203007122456E+02    0.474895739479E-13   -0.249635523400E-02
   -0.127325783793E-03   -0.202484122988E+02    0.481924421287E-13   -0.248992396971E-02
   -0.126871396968E-03   -0.201960610537E+02    0.488713000209E-13   -0.248348639731E-02
   -0.126421240983E-03   -0.201434975619E+02    0.496203092712E-13   -0.247702272519E-02
   -0.125972227808E-03   -0.200908659551E+02    0.503870807166E-13   -0.247055067704E-02
   -0.125523831173E-03   -0.200381724220E+02    0.511296217508E-13   -0.246407101388E-02
   -0.125077370530E-03   -0.199853686502E+02    0.519218258151E-13   -0.245757779481E-02
   -0.124632691922E-03   -0.199324748247E+02    0.526362419626E-13   -0.245107350193E-02
   -0.124185870053E-03   -0.198796371472E+02    0.534019805254E-13   -0.244457611350E-02
   -0.123742311682E-03   -0.198266812823E+02    0.541766933145E-13   -0.243806419171E-02
   -0.123301259208E-03   -0.197736225229E+02    0.549226716467E-13   -0.243153961709E-02
   -0.122857776008E-03   -0.197206458090E+02    0.557278798729E-13   -0.242502513153E-02
   -0.122416998681E-03   -0.196675453691E+02    0.564944650608E-13   -0.241849543150E-02
   -0.121977174209E-03   -0.196144155611E+02    0.572899878956E-13   -0.241196212013E-02
   -0.121537455549E-03   -0.195612777015E+02    0.580542871956E-13   -0.240542781865E-02
   -0.121099495045E-03   -0.195080706737E+02    0.588443069670E-13   -0.239888501165E-02
   -0.120660319424E-03   -0.194548912788E+02    0.596152099430E-13   -0.239234560262E-02
   -0.120222905453E-03   -0.194016553736E+02    0.603675040988E-13   -0.238579924459E-02
   -0.119788212558E-03   -0.193483173394E+02    0.612034278846E-13   -0.237924032789E-02
   -0.119351170102E-03   -0.192950660284E+02    0.620005593071E-13   -0.237269207542E-02
   -0.118917011399E-03   -0.192416910845E+02    0.628301503369E-13   -0.236612861997E-02
   -0.118484472840E-03   -0.191882663204E+02    0.636384910761E-13   -0.235955903818E-02
   -0.118053078407E-03   -0.191347958580E+02    0.644537910738E-13   -0.235298383691E-02
   -0.117621865070E-03   -0.190813151405E+02    0.651874086792E-13   -0.234640737461E-02
   -0.117191328145E-03   -0.190278061179E+02    0.660169319791E-13   -0.233982743164E-02
   -0.116760597887E-03   -0.189742867514E+02    0.668050553102E-13   -0.233324621671E-02
   -0.116331792222E-03   -0.189207046251E+02    0.676619753992E-13   -0.232665728427E-02
   -0.115908316820E-03   -0.188669225193E+02    0.685065347613E-13   -0.232004376057E-02
   -0.115482358993E-03   -0.188132223669E+02    0.692562890417E-13   -0.231344031461E-02
   -0.115054756870E-03   -0.187595550535E+02    0.700418047674E-13   -0.230684090680E-02
   -0.114629261252E-03   -0.187058113428E+02    0.709352143994E-13   -0.230023210452E-02
   -0.114206730055E-03   -0.186519472360E+02    0.717419973483E-13   -0.229360849727E-02
   -0.113784858449E-03   -0.185980469074E+02    0.726069773085E-13   -0.228698043586E-02
   -0.113362707356E-03   -0.185441313871E+02    0.734021953582E-13   -0.228035050634E-02
   -0.112943217557E-03   -0.184901227775E+02    0.742119245626E-13   -0.227370912974E-02
   -0.112521490858E-03   -0.184361826119E+02    0.750315084834E-13   -0.226707616963E-02
   -0.112100104179E-03   -0.183822187472E+02    0.759176371393E-13   -0.226044029525E-02
   -0.111681232700E-03   -0.183281404106E+02    0.767168343271E-13   -0.225379034441E-02
   -0.111262919645E-03   -0.182740461789E+02    0.775648479198E-13   -0.224713843896E-02
   -0.110846948776E-03   -0.182198658537E+02    0.784380401437E-13   -0.224047594669E-02
   -0.110428981020E-03   -0.181657562994E+02    0.792195090013E-13   -0.223382215703E-02
   -0.110013351766E-03   -0.181115514084E+02    0.800490661662E-13   -0.222715664393E-02
   -0.109599473000E-03   -0.180572995557E+02    0.809191597421E-13   -0.222048535602E-02
   -0.109184585225E-03   -0.180030840606E+02    0.817041336278E-13   -0.221381853895E-02
   -0.108772084729E-03   -0.179487862648E+02    0.826264639741E-13   -0.220714160145E-02
   -0.108358062171E-03   -0.178945423596E+02    0.834214111038E-13   -0.220047129082E-02
   -0.107946568485E-03   -0.178401979897E+02    0.842585709623E-13   -0.219378862616E-02
   -0.107535926415E-03   -0.177858388020E+02    0.851223825798E-13   -0.218710413938E-02
   -0.107126017358E-03   -0.177314545753E+02    0.859297581663E-13   -0.218041657358E-02
   -0.106715732361E-03   -0.176770845629E+02    0.867984124795E-13   -0.217373075569E-02
   -0.106305188885E-03   -0.176227118472E+02    0.876729762362E-13   -0.216704460539E-02
   -0.105896714810E-03   -0.175682851039E+02    0.884841277708E-13   -0.216035181136E-02
   -0.105487238126E-03   -0.175139011066E+02    0.893184091038E-13   -0.215366427377E-02
   -0.105079482864E-03   -0.174594676339E+02    0.902355581044E-13   -0.214697065224E-02
   -0.104672990401E-03   -0.174049871654E+02    0.910223437678E-13   -0.214027125170E-02
   -0.104265178784E-03   -0.173505740683E+02    0.919115710717E-13   -0.213358013574E-02
   -0.103857324049E-03   -0.172961715126E+02    0.927136129199E-13   -0.212689031603E-02
   -0.103453260688E-03   -0.172416505772E+02    0.935914446495E-13   -0.212018593932E-02
   -0.103047449249E-03   -0.171871805298E+02    0.944283166555E-13   -0.211348782024E-02
   -0.102644509796E-03   -0.171326219371E+02    0.953130229811E-13   -0.210677881285E-02
   -0.102242675412E-03   -0.170780152747E+02    0.961542635728E-13   -0.210006389440E-02
   -0.101840295335E-03   -0.170234142368E+02    0.969905090761E-13   -0.209334966758E-02
   -0.101438959592E-03   -0.169687658634E+02    0.979273844421E-13   -0.208662961996E-02
   -0.101037930608E-03   -0.169140814399E+02    0.987263953724E-13   -0.207990513929E-02
   -0.100635556764E-03   -0.168594423582E+02    0.995757635652E-13   -0.207318623426E-02
   -0.100236322655E-03   -0.168046846631E+02    0.100455102288E-12   -0.206645274348E-02
   -0.998374229863E-04   -0.167499007454E+02    0.101323011571E-12   -0.205971602814E-02
   -0.994383560305E-04   -0.166950937883E+02    0.102231406467E-12   -0.205297647966E-02
   -0.990432358688E-04   -0.166401555107E+02    0.103124917694E-12   -0.204622078286E-02
   -0.986487317236E-04   -0.165851773830E+02    0.103937779412E-12   -0.203946018574E-02
   -0.982524237233E-04   -0.165302350166E+02    0.104798983424E-12   -0.203270398614E-02
   -0.978564142823E-04   -0.164752453661E+02    0.105689683855E-12   -0.202594197207E-02
   -0.974606996958E-04   -0.164202362071E+02    0.106605935433E-12   -0.201917755906E-02
   -0.970697397571E-04   -0.163650490602E+02    0.107467342636E-12   -0.201239125909E-02
   -0.966757378241E-04   -0.163099381692E+02    0.108301911821E-12   -0.200561433621E-02
   -0.962822676155E-04   -0.162547736526E+02    0.109214929291E-12   -0.199883081906E-02
   -0.958904020407E-04   -0.161995475677E+02    0.110109287143E-12   -0.199203973092E-02
   -0.955002936384E-04   -0.161442418484E+02    0.110969255083E-12   -0.198523885023E-02
   -0.951120092880E-04   -0.160888545299E+02    0.111871046303E-12   -0.197842793539E-02
   -0.947236460264E-04   -0.160334322238E+02    0.112719313884E-12   -0.197161271816E-02
   -0.943351636078E-04   -0.159780031039E+02    0.113582126483E-12   -0.196479666304E-02
   -0.939437443816E-04   -0.159226443644E+02    0.114459280913E-12   -0.195798926252E-02
   -0.935558618663E-04   -0.158671478249E+02    0.115411581789E-12   -0.195116491689E-02
   -0.931705352223E-04   -0.158115455338E+02    0.116236922761E-12   -0.194432756712E-02
   -0.927885301843E-04   -0.157558001057E+02    0.117131991778E-12   -0.193747261594E-02
   -0.924021026694E-04   -0.157001841507E+02    0.117970777156E-12   -0.193063358593E-02
   -0.920166458306E-04   -0.156445074033E+02    0.118908583810E-12   -0.192378708034E-02
   -0.916358722823E-04   -0.155886523750E+02    0.119784519099E-12   -0.191691865175E-02
   -0.912558720124E-04   -0.155327348175E+02    0.120670376835E-12   -0.191004253402E-02
   -0.908699803070E-04   -0.154769978012E+02    0.121505928106E-12   -0.190318861724E-02
   -0.904933674466E-04   -0.154209510746E+02    0.122387044741E-12   -0.189629661574E-02
   -0.901118541206E-04   -0.153650416177E+02    0.123243152070E-12   -0.188942149413E-02
   -0.897329258436E-04   -0.153090228994E+02    0.124115904049E-12   -0.188253293679E-02
   -0.893549858828E-04   -0.152529782165E+02    0.124969217515E-12   -0.187564118659E-02
   -0.889759519319E-04   -0.151969595315E+02    0.125777541322E-12   -0.186875263334E-02
   -0.885965217608E-04   -0.151409449230E+02    0.126730976675E-12   -0.186186458136E-02
   -0.882212333590E-04   -0.150847806343E+02    0.127568644509E-12   -0.185495812337E-02
   -0.878434201930E-04   -0.150286985874E+02    0.128441887530E-12   -0.184806177858E-02
   -0.874669507280E-04   -0.149725663479E+02    0.129239831713E-12   -0.184115926165E-02
   -0.870942138771E-04   -0.149163101383E+02    0.130143807226E-12   -0.183424150027E-02
   -0.867192747328E-04   -0.148601079816E+02    0.130986741068E-12   -0.182733038571E-02
   -0.863460574140E-04   -0.148038257188E+02    0.131809203514E-12   -0.182040942058E-02
   -0.859711830525E-04   -0.147475931386E+02    0.132692013400E-12   -0.181349456488E-02
   -0.855997601921E-04   -0.146912416854E+02    0.133536488099E-12   -0.180656509149E-02
   -0.852285343289E-04   -0.146348705884E+02    0.134361913734E-12   -0.179963320254E-02
   -0.848571350266E-04   -0.145784777209E+02    0.135183851272E-12   -0.179269863649E-02
   -0.844869048150E-04   -0.145220492998E+02    0.136103404688E-12   -0.178575969846E-02
   -0.841196472713E-04   -0.144655139196E+02    0.136922226646E-12   -0.177880760778E-02
   -0.837497512908E-04   -0.144090350340E+02    0.137774625757E-12   -0.177186246419E-02
   -0.833803090530E-04   -0.143525049595E+02    0.138591127963E-12   -0.176491102594E-02
   -0.830169433898E-04   -0.142957833052E+02    0.139493884336E-12   -0.175793602936E-02
   -0.826488960081E-04   -0.142391769624E+02    0.140246059964E-12   -0.175097521250E-02
   -0.822829839602E-04   -0.141824833413E+02    0.141109549864E-12   -0.174400366312E-02
   -0.819135998030E-04   -0.141258549914E+02    0.141877371125E-12   -0.173704014007E-02
   -0.815496180264E-04   -0.140690574408E+02    0.142776690200E-12   -0.173005581061E-02
   -0.811818981117E-04   -0.140123475765E+02    0.143568183099E-12   -0.172308226383E-02
   -0.808181381569E-04   -0.139555010932E+02    0.144407594981E-12   -0.171609191716E-02
   -0.804563567636E-04   -0.138985660239E+02    0.145216342100E-12   -0.170909067718E-02
   -0.800923423906E-04   -0.138416928216E+02    0.146005616841E-12   -0.170209704491E-02
   -0.797293096739E-04   -0.137847743513E+02    0.146899923896E-12   -0.169509784609E-02
   -0.793693733903E-04   -0.137277495957E+02    0.147672689447E-12   -0.168808557748E-02
   -0.790082423558E-04   -0.136707418748E+02    0.148475222338E-12   -0.168107540362E-02
   -0.786523617583E-04   -0.136135470981E+02    0.149326825621E-12   -0.167404222772E-02
   -0.782937312496E-04   -0.135564222686E+02    0.150088805168E-12   -0.166701765313E-02
   -0.779304439789E-04   -0.134994076512E+02    0.150779922192E-12   -0.166000663122E-02
   -0.775710033649E-04   -0.134422593787E+02    0.151682204456E-12   -0.165297917388E-02
   -0.772116109078E-04   -0.133850751824E+02    0.152491916727E-12   -0.164594729904E-02
   -0.768592363302E-04   -0.133276847226E+02    0.153260533816E-12   -0.163889006022E-02
   -0.765045761868E-04   -0.132703388967E+02    0.154014555087E-12   -0.163183830996E-02
   -0.761460464503E-04   -0.132130870203E+02    0.154846313477E-12   -0.162479811258E-02
   -0.757910262454E-04   -0.131557119774E+02    0.155580659180E-12   -0.161774276954E-02
   -0.754350686545E-04   -0.130983653335E+02    0.156363093190E-12   -0.161069091871E-02
   -0.750762013444E-04   -0.130410885695E+02    0.157092071290E-12   -0.160364766092E-02
   -0.747239927978E-04   -0.129836149988E+02    0.157936545989E-12   -0.159658020204E-02
   -0.743705839836E-04   -0.129261484302E+02    0.158689822230E-12   -0.158951360420E-02
   -0.740197333887E-04   -0.128686056433E+02    0.159380803794E-12   -0.158243763388E-02
   -0.736688947994E-04   -0.128110312099E+02    0.160193614714E-12   -0.157535777203E-02
   -0.733085861223E-04   -0.127536847403E+02    0.160888592349E-12   -0.156830594263E-02
   -0.729612400736E-04   -0.126959452098E+02    0.161787488112E-12   -0.156120577898E-02
   -0.726150061007E-04   -0.126381428891E+02    0.162432514864E-12   -0.155409789408E-02
   -0.722597028521E-04   -0.125805538930E+02    0.163215152064E-12   -0.154701624148E-02
   -0.719131991930E-04   -0.125226913847E+02    0.163973643516E-12   -0.153990095539E-02
   -0.715641861302E-04   -0.124648638550E+02    0.164606394203E-12   -0.153278997058E-02
   -0.712095724365E-04   -0.124071552502E+02    0.165461130000E-12   -0.152569360982E-02
   -0.708661734018E-04   -0.123491128516E+02    0.166154228126E-12   -0.151855620284E-02
   -0.705170841317E-04   -0.122911947488E+02    0.166872132369E-12   -0.151143408035E-02
   -0.701772794511E-04   -0.122329952549E+02    0.167680032864E-12   -0.150427735553E-02
   -0.698273922929E-04   -0.121750391288E+02    0.168229695761E-12   -0.149715055737E-02
   -0.694787387450E-04   -0.121170197755E+02    0.169010080939E-12   -0.149001598423E-02
   -0.691341453045E-04   -0.120588606732E+02    0.169778985879E-12   -0.148286422632E-02
   -0.687860628672E-04   -0.120007663934E+02    0.170387201371E-12   -0.147572043955E-02
   -0.684451833498E-04   -0.119424496577E+02    0.171136295284E-12   -0.146854929764E-02
   -0.681031853500E-04   -0.118841377592E+02    0.171814103361E-12   -0.146137875055E-02
   -0.677543219802E-04   -0.118259905884E+02    0.172461263608E-12   -0.145422845985E-02
   -0.674155797147E-04   -0.117675623191E+02    0.173105883980E-12   -0.144704360278E-02
   -0.670737830326E-04   -0.117092035752E+02    0.173872587696E-12   -0.143986729517E-02
   -0.667254680161E-04   -0.116510020143E+02    0.174432376230E-12   -0.143271031617E-02
   -0.663916906063E-04   -0.115924090054E+02    0.175131519260E-12   -0.142550520126E-02
   -0.660426816536E-04   -0.115341993432E+02    0.175796289310E-12   -0.141834722605E-02
   -0.657088136071E-04   -0.114755872739E+02    0.176476975913E-12   -0.141113976731E-02
   -0.653735082677E-04   -0.114170026092E+02    0.177113130033E-12   -0.140393567848E-02
   -0.650276056842E-04   -0.113586771048E+02    0.177655308765E-12   -0.139676345829E-02
   -0.646935277428E-04   -0.113000301772E+02    0.178380019874E-12   -0.138955171307E-02
   -0.643563920750E-04   -0.112414413597E+02    0.178984848865E-12   -0.138234711357E-02
   -0.640137071653E-04   -0.111829714729E+02    0.179500443568E-12   -0.137515713884E-02
   -0.636689324907E-04   -0.111245308184E+02    0.180191797647E-12   -0.136797075878E-02
   -0.633366343479E-04   -0.110657552555E+02    0.180787652411E-12   -0.136074319542E-02
   -0.629945739237E-04   -0.110072036520E+02    0.181552154902E-12   -0.135354317209E-02
   -0.626695104141E-04   -0.109481999067E+02    0.181942787735E-12   -0.134628754939E-02
   -0.623316170368E-04   -0.108894931451E+02    0.182665297619E-12   -0.133906844645E-02
   -0.619838112016E-04   -0.108309978229E+02    0.183126538988E-12   -0.133187534396E-02
   -0.616582942962E-04   -0.107719089994E+02    0.183932356785E-12   -0.132460925930E-02
   -0.613214781063E-04   -0.107130575976E+02    0.184371416576E-12   -0.131737237012E-02
   -0.609904121363E-04   -0.106540193319E+02    0.185022809949E-12   -0.131011250250E-02
   -0.606512577979E-04   -0.105951389168E+02    0.185553643904E-12   -0.130287204558E-02
   -0.603208137698E-04   -0.105360004869E+02    0.186052475429E-12   -0.129559986087E-02
   -0.599889345211E-04   -0.104768546876E+02    0.186744337483E-12   -0.128832676996E-02
   -0.596548694108E-04   -0.104177231945E+02    0.187258916235E-12   -0.128105543827E-02
   -0.593332029770E-04   -0.103582500653E+02    0.187778913389E-12   -0.127374209599E-02
   -0.589814453460E-04   -0.102994820198E+02    0.188186140075E-12   -0.126651545703E-02
   -0.586545108106E-04   -0.102400836058E+02    0.188851926075E-12   -0.125921130238E-02
   -0.583202111353E-04   -0.101808392941E+02    0.189450151390E-12   -0.125192609751E-02
   -0.579898824793E-04   -0.101214760260E+02    0.189958803767E-12   -0.124462626472E-02
   -0.576638180541E-04   -0.100619862477E+02    0.190413272135E-12   -0.123731087511E-02
   -0.573411466869E-04   -0.100023886670E+02    0.191071269184E-12   -0.122998222916E-02
   -0.570084643647E-04   -0.994300648994E+01    0.191291222392E-12   -0.122268007116E-02
   -0.566760828974E-04   -0.988358953210E+01    0.192022706502E-12   -0.121537363619E-02
   -0.563496337620E-04   -0.982400351013E+01    0.192227589783E-12   -0.120804641161E-02
   -0.560124020104E-04   -0.976465213614E+01    0.192965677569E-12   -0.120074804142E-02
   -0.556998072833E-04   -0.970469609901E+01    0.193319905523E-12   -0.119337531650E-02
   -0.553590978601E-04   -0.964538022162E+01    0.193657200974E-12   -0.118608131128E-02
   -0.550323546330E-04   -0.958571460199E+01    0.194253733038E-12   -0.117874429867E-02
   -0.547063970057E-04   -0.952600904623E+01    0.194577313162E-12   -0.117140237515E-02
   -0.543751785893E-04   -0.946640913191E+01    0.195214652558E-12   -0.116407344224E-02
   -0.540549908560E-04   -0.940653494050E+01    0.195409037687E-12   -0.115671078180E-02
   -0.537186481925E-04   -0.934701401696E+01    0.196032661756E-12   -0.114939156229E-02
   -0.533957018304E-04   -0.928715642491E+01    0.196393493385E-12   -0.114203094305E-02
   -0.530656868812E-04   -0.922742773507E+01    0.196935164142E-12   -0.113468617476E-02
   -0.527586735714E-04   -0.916713370491E+01    0.197257558990E-12   -0.112727188723E-02
   -0.524271129504E-04   -0.910736899572E+01    0.197701529207E-12   -0.111992268968E-02
   -0.521074839393E-04   -0.904729488517E+01    0.197942309393E-12   -0.111253544541E-02
   -0.517602542854E-04   -0.898782081272E+01    0.198231855187E-12   -0.110522198713E-02
   -0.514424769881E-04   -0.892764227294E+01    0.198916266940E-12   -0.109782190131E-02
   -0.511254331398E-04   -0.886741527911E+01    0.199284210220E-12   -0.109041585716E-02
   -0.508074780388E-04   -0.880718541687E+01    0.199402568413E-12   -0.108300946027E-02
   -0.504668518826E-04   -0.874745096503E+01    0.199792862597E-12   -0.107566398344E-02
   -0.501444300020E-04   -0.868728572901E+01    0.200108653770E-12   -0.106826553357E-02
   -0.498142353926E-04   -0.862728108728E+01    0.200681311006E-12   -0.106088683180E-02
   -0.495010342992E-04   -0.856687679789E+01    0.201102760994E-12   -0.105345898581E-02
   -0.491908610414E-04   -0.850637849053E+01    0.201172014930E-12   -0.104601957854E-02
   -0.488655631262E-04   -0.844619158000E+01    0.201546561886E-12   -0.103861846339E-02
   -0.485327502843E-04   -0.838614023444E+01    0.201744164191E-12   -0.103123401850E-02
   -0.482110176628E-04   -0.832581264856E+01    0.202228264439E-12   -0.102381560465E-02
   -0.478969019412E-04   -0.826528559625E+01    0.202318006702E-12   -0.101637266265E-02
   -0.475644596465E-04   -0.820512612257E+01    0.202676806431E-12   -0.100897492137E-02
   -0.472540247574E-04   -0.814445324881E+01    0.203044411061E-12   -0.100151404787E-02
   -0.469249950530E-04   -0.808415179138E+01    0.203349873407E-12   -0.994098847016E-03
   -0.466149589648E-04   -0.802341717649E+01    0.203442663521E-12   -0.986630381282E-03
   -0.462928623239E-04   -0.796293833274E+01    0.203818734403E-12   -0.979193367433E-03
   -0.459642306599E-04   -0.790259264768E+01    0.203773355296E-12   -0.971772727953E-03
   -0.456290627369E-04   -0.784238288976E+01    0.204182783208E-12   -0.964368803277E-03
   -0.453062355353E-04   -0.778189513600E+01    0.204497558430E-12   -0.956930693774E-03
   -0.449986755783E-04   -0.772105565065E+01    0.204641823352E-12   -0.949449332240E-03
   -0.446882709438E-04   -0.766025565022E+01    0.205130495375E-12   -0.941972826122E-03
   -0.443687703635E-04   -0.759962942613E+01    0.204901737266E-12   -0.934517689081E-03
   -0.440280760117E-04   -0.753943499211E+01    0.205335717306E-12   -0.927115648768E-03
   -0.437048173663E-04   -0.747882282419E+01    0.205400399466E-12   -0.919662240198E-03
   -0.433860227263E-04   -0.741807250679E+01    0.205782396724E-12   -0.912191843546E-03
   -0.430859202252E-04   -0.735687618145E+01    0.206008276308E-12   -0.904666601809E-03
   -0.427597955553E-04   -0.729620519491E+01    0.206148138779E-12   -0.897205960381E-03
   -0.424312811363E-04   -0.723555614630E+01    0.206015726609E-12   -0.889748016635E-03
   -0.421179217042E-04   -0.717456076319E+01    0.206567895517E-12   -0.882247484534E-03
   -0.418016585336E-04   -0.711360707067E+01    0.206551640314E-12   -0.874752079077E-03
   -0.414842899773E-04   -0.705265505521E+01    0.206626312651E-12   -0.867256879845E-03
   -0.411467261614E-04   -0.699211802613E+01    0.206570266067E-12   -0.859812711012E-03
   -0.408136724447E-04   -0.693147208913E+01    0.206986636305E-12   -0.852355149897E-03
   -0.405159895002E-04   -0.687006473854E+01    0.207074854643E-12   -0.844803958628E-03
   -0.402020983012E-04   -0.680898932967E+01    0.207240962493E-12   -0.837293585850E-03
   -0.399016661290E-04   -0.674761749537E+01    0.207298025027E-12   -0.829746761980E-03
   -0.395654702631E-04   -0.668698263664E+01    0.206995441206E-12   -0.822290563147E-03
   -0.392179460374E-04   -0.662657014759E+01    0.207430606522E-12   -0.814861708857E-03
   -0.388978331093E-04   -0.656556543477E+01    0.207629563427E-12   -0.807360029493E-03
   -0.386132182570E-04   -0.650380578177E+01    0.207645649304E-12   -0.799765516002E-03
   -0.382954823066E-04   -0.644272587857E+01    0.207752154745E-12   -0.792254590562E-03
   -0.379651323241E-04   -0.638189411449E+01    0.207421462970E-12   -0.784774178505E-03
   -0.376360486627E-04   -0.632102313222E+01    0.207777045524E-12   -0.777288943832E-03
   -0.373259475414E-04   -0.625973879317E+01    0.207800751027E-12   -0.769752879151E-03
   -0.369903865793E-04   -0.619895331724E+01    0.207737931443E-12   -0.762278159095E-03
   -0.366977181625E-04   -0.613724423829E+01    0.208039160663E-12   -0.754689864637E-03
   -0.363516245631E-04   -0.607661097366E+01    0.207590618671E-12   -0.747233861828E-03
   -0.360449856357E-04   -0.601512529890E+01    0.208083354495E-12   -0.739673039127E-03
   -0.357290944303E-04   -0.595380297330E+01    0.207989209781E-12   -0.732132303284E-03
   -0.354073886154E-04   -0.589257253497E+01    0.207809217279E-12   -0.724602866712E-03
   -0.351005003645E-04   -0.583100635849E+01    0.207790760851E-12   -0.717032144807E-03
   -0.347638374431E-04   -0.577003602733E+01    0.207925712896E-12   -0.709534693316E-03
   -0.344331157375E-04   -0.570891859071E+01    0.207630918027E-12   -0.702019152434E-03
   -0.341280379954E-04   -0.564724634800E+01    0.208034588888E-12   -0.694435387686E-03
   -0.337902322553E-04   -0.558623906748E+01    0.207763838172E-12   -0.686933392574E-03
   -0.335012310952E-04   -0.552418971989E+01    0.208022736136E-12   -0.679303255673E-03
   -0.331739005906E-04   -0.546292181921E+01    0.207495458006E-12   -0.671769212400E-03
   -0.328369504228E-04   -0.540182896777E+01    0.207559801516E-12   -0.664256694730E-03
   -0.325151799593E-04   -0.534039513950E+01    0.207796179252E-12   -0.656702247531E-03
   -0.322129299747E-04   -0.527852957074E+01    0.207464132877E-12   -0.649094709702E-03
   -0.318772027184E-04   -0.521734813032E+01    0.207540329138E-12   -0.641571298347E-03
   -0.315759314683E-04   -0.515544330835E+01    0.207352547685E-12   -0.633958933595E-03
   -0.312469420441E-04   -0.509411173634E+01    0.207166120832E-12   -0.626417060731E-03
   -0.309253629630E-04   -0.503262047297E+01    0.207276351423E-12   -0.618855550805E-03
   -0.306083501241E-04   -0.497103304592E+01    0.206971735703E-12   -0.611282215741E-03
   -0.302732189038E-04   -0.490982257305E+01    0.206752967770E-12   -0.603755234300E-03
   -0.299588596754E-04   -0.484818451074E+01    0.206905021643E-12   -0.596175672676E-03
   -0.296357144130E-04   -0.478673142769E+01    0.206650187479E-12   -0.588618857740E-03
   -0.293199126108E-04   -0.472512275285E+01    0.206670167832E-12   -0.581042909861E-03
   -0.290119438034E-04   -0.466334589352E+01    0.206516082059E-12   -0.573446280527E-03
   -0.286831547280E-04   -0.460198705759E+01    0.205926153670E-12   -0.565901055050E-03
   -0.283533601468E-04   -0.454063621401E+01    0.206199952236E-12   -0.558356812385E-03
   -0.280331287914E-04   -0.447907809849E+01    0.205841152507E-12   -0.550787081725E-03
   -0.277057063350E-04   -0.441765917071E+01    0.205774607772E-12   -0.543234466824E-03
   -0.273991099475E-04   -0.435580078641E+01    0.205755982020E-12   -0.535627812459E-03
   -0.270696934863E-04   -0.429440697733E+01    0.205263076870E-12   -0.528078286374E-03
   -0.267528721710E-04   -0.423274089927E+01    0.205267140671E-12   -0.520495279686E-03
   -0.264139511252E-04   -0.417151095196E+01    0.204947116373E-12   -0.512965903495E-03
   -0.260955284324E-04   -0.410982781702E+01    0.204934586321E-12   -0.505380799342E-03
   -0.257740282316E-04   -0.404817750814E+01    0.204768478471E-12   -0.497799731773E-03
   -0.254644995112E-04   -0.398624849623E+01    0.204558684764E-12   -0.490184392411E-03
   -0.251327182164E-04   -0.392475580100E+01    0.204259148794E-12   -0.482622706411E-03
   -0.248155530570E-04   -0.386292812489E+01    0.204040719511E-12   -0.475019828196E-03
   -0.244836858042E-04   -0.380138385142E+01    0.203942341672E-12   -0.467451799680E-03
   -0.241583346936E-04   -0.373967850833E+01    0.203506668381E-12   -0.459863964616E-03
   -0.238423597707E-04   -0.367776001356E+01    0.203586759118E-12   -0.452249918535E-03
   -0.235133129653E-04   -0.361611228310E+01    0.202871868860E-12   -0.444669168031E-03
   -0.231739823633E-04   -0.355467635272E+01    0.203114342297E-12   -0.437114462338E-03
   -0.228628881003E-04   -0.349263781462E+01    0.202635152475E-12   -0.429485654668E-03
   -0.225382110911E-04   -0.343088152827E+01    0.202665969629E-12   -0.421891555171E-03
   -0.222211057033E-04   -0.336895371448E+01    0.202218951562E-12   -0.414276363141E-03
   -0.218969884881E-04   -0.330716640646E+01    0.202006617980E-12   -0.406678448944E-03
   -0.215746120140E-04   -0.324533104143E+01    0.201643246476E-12   -0.399074625233E-03
   -0.212349006920E-04   -0.318385262101E+01    0.201412625791E-12   -0.391514694589E-03
   -0.209119004389E-04   -0.312201373208E+01    0.201144584275E-12   -0.383910437548E-03
   -0.205882502676E-04   -0.306018311939E+01    0.200947997921E-12   -0.376307198225E-03
   -0.202693789529E-04   -0.299824402706E+01    0.200614427621E-12   -0.368690619287E-03
   -0.199357545423E-04   -0.293661461962E+01    0.200233784963E-12   -0.361112121943E-03
   -0.196103003422E-04   -0.287480728001E+01    0.200043632960E-12   -0.353511744485E-03
   -0.192843811745E-04   -0.281300942481E+01    0.199682293355E-12   -0.345912533314E-03
   -0.189588043758E-04   -0.275120271787E+01    0.199433216243E-12   -0.338312233654E-03
   -0.186231502623E-04   -0.268960773298E+01    0.199036149058E-12   -0.330737969212E-03
   -0.183117212255E-04   -0.262749144715E+01    0.198940141769E-12   -0.323099600992E-03
   -0.179748731352E-04   -0.256590868133E+01    0.198300093172E-12   -0.315526839114E-03
   -0.176448042440E-04   -0.250417105014E+01    0.198331926277E-12   -0.307935033621E-03
   -0.173218734373E-04   -0.244227309122E+01    0.197924699591E-12   -0.300323512810E-03
   -0.170039850467E-04   -0.238025689267E+01    0.197627872821E-12   -0.292697452209E-03
   -0.166728629242E-04   -0.231851732871E+01    0.197188643705E-12   -0.285105409044E-03
   -0.163489992618E-04   -0.225661378915E+01    0.196892155585E-12   -0.277493201989E-03
   -0.160096461410E-04   -0.219503151661E+01    0.196476123998E-12   -0.269920500770E-03
   -0.156800188950E-04   -0.213322279403E+01    0.196249905764E-12   -0.262319953249E-03
   -0.153507033435E-04   -0.207138573908E+01    0.195938009067E-12   -0.254715921730E-03
   -0.150311929673E-04   -0.200931334757E+01    0.195697059556E-12   -0.247082951145E-03
   -0.147007969135E-04   -0.194745334795E+01    0.195156743399E-12   -0.239476098146E-03
   -0.143722526498E-04   -0.188553051351E+01    0.194897676110E-12   -0.231861518420E-03
   -0.140335195427E-04   -0.182380827476E+01    0.194504334076E-12   -0.224271605718E-03
   -0.137080775207E-04   -0.176177385958E+01    0.194218005458E-12   -0.216643305037E-03
   -0.133805139982E-04   -0.169976547913E+01    0.193854803278E-12   -0.209018205819E-03
   -0.130475566115E-04   -0.163785830492E+01    0.193481102947E-12   -0.201405551815E-03
   -0.127217874643E-04   -0.157577566833E+01    0.193168698275E-12   -0.193771321403E-03
   -0.123897899577E-04   -0.151381356701E+01    0.192717277757E-12   -0.186151913076E-03
   -0.120563227494E-04   -0.145186766160E+01    0.192483439897E-12   -0.178534496340E-03
   -0.117307645193E-04   -0.138972905513E+01    0.192027447603E-12   -0.170893383378E-03
   -0.113965413200E-04   -0.132776285343E+01    0.191687104302E-12   -0.163273470831E-03
   -0.110685227749E-04   -0.126563906693E+01    0.191319330347E-12   -0.155634180263E-03
   -0.107396577739E-04   -0.120351363442E+01    0.190848098801E-12   -0.147994687286E-03
   -0.104038818277E-04   -0.114152451707E+01    0.190500305198E-12   -0.140371956830E-03
   -0.100688488754E-04   -0.107950995279E+01    0.190120001191E-12   -0.132746097192E-03
   -0.974500040335E-05   -0.101723941841E+01    0.189820803871E-12   -0.125088761205E-03
   -0.941269548378E-05   -0.955152069275E+00    0.189272021463E-12   -0.117453951298E-03
   -0.907800866403E-05   -0.893112937600E+00    0.188895103957E-12   -0.109825070636E-03
   -0.875050251103E-05   -0.830911027400E+00    0.188542907904E-12   -0.102176173287E-03
   -0.840863123306E-05   -0.769029353681E+00    0.187917759910E-12   -0.945666550486E-04
   -0.807070815479E-05   -0.707058042556E+00    0.187795168591E-12   -0.869461142018E-04
   -0.774567483070E-05   -0.644795212493E+00    0.187389635155E-12   -0.792897256066E-04
   -0.741587685771E-05   -0.582636241137E+00    0.186893851481E-12   -0.716461083971E-04
   -0.708667124589E-05   -0.520460062323E+00    0.186563498356E-12   -0.640003752063E-04
   -0.675665477035E-05   -0.458297680334E+00    0.186016578523E-12   -0.563563385952E-04
   -0.641363630446E-05   -0.396424246019E+00    0.185564142055E-12   -0.487478335472E-04
   -0.607544499378E-05   -0.334434966561E+00    0.185234635556E-12   -0.411250831553E-04
   -0.574670537166E-05   -0.272224097777E+00    0.184879899627E-12   -0.334750841787E-04
   -0.541892132733E-05   -0.209983566584E+00    0.184365320875E-12   -0.258214376498E-04
   -0.507713838846E-05   -0.148051669762E+00    0.183984847543E-12   -0.182057435346E-04
   -0.475101103625E-05   -0.857542044970E-01    0.183555947253E-12   -0.105450958885E-04
   -0.441211750221E-05   -0.237335527568E-01    0.183076080131E-12   -0.291848768306E-05
   -0.407364691843E-05    0.383098042499E-01    0.182715587152E-12    0.471091256288E-05
   -0.374200599742E-05    0.100521843249E+00    0.182204564225E-12    0.123610554394E-04
   -0.341214440523E-05    0.162785909432E+00    0.181935337434E-12    0.200175960389E-04
   -0.307680302303E-05    0.224935709156E+00    0.181326613968E-12    0.276600854233E-04
   -0.274135217194E-05    0.287093342725E+00    0.180966798288E-12    0.353035381266E-04
   -0.240686564535E-05    0.349284993117E+00    0.180434101758E-12    0.429511738396E-04
   -0.207043112625E-05    0.411445242091E+00    0.179996565892E-12    0.505949481563E-04
   -0.172170967821E-05    0.473343520782E+00    0.179622696236E-12    0.582065082887E-04
   -0.139479246916E-05    0.535767848131E+00    0.179274056009E-12    0.658827560193E-04
   -0.106414417727E-05    0.598128388620E+00    0.178783013435E-12    0.735511599533E-04
   -0.727408092526E-06    0.660368079800E+00    0.178402370777E-12    0.812047031867E-04
   -0.399781378340E-06    0.722840234703E+00    0.177840042368E-12    0.888868322167E-04
   -0.559563555680E-07    0.784952983469E+00    0.177352894269E-12    0.965247654875E-04
    0.287327838872E-06    0.847097455753E+00    0.176860497095E-12    0.104166599763E-03
    0.626817934758E-06    0.909344068850E+00    0.176579925528E-12    0.111820994176E-03
    0.961530530072E-06    0.971711976134E+00    0.176025216745E-12    0.119490303997E-03
    0.129945341706E-05    0.103401161996E+01    0.175710949497E-12    0.127151219538E-03
    0.163566501741E-05    0.109635652270E+01    0.175147605138E-12    0.134817700516E-03
    0.196777802112E-05    0.115881556995E+01    0.174814373487E-12    0.142498217713E-03
    0.230476638882E-05    0.122118098620E+01    0.174215640197E-12    0.150167221213E-03
    0.264088631426E-05    0.128358564234E+01    0.173816371787E-12    0.157841049999E-03
    0.298237187055E-05    0.134588509383E+01    0.173322281363E-12    0.165501941888E-03
    0.331814885494E-05    0.140833799267E+01    0.172945025206E-12    0.173181703023E-03
    0.365177208995E-05    0.147085379361E+01    0.172469729859E-12    0.180869199155E-03
    0.399126091522E-05    0.153324111269E+01    0.171897580598E-12    0.188540896021E-03
    0.433199907952E-05    0.159560402962E+01    0.171515752666E-12    0.196209592184E-03
    0.466886985835E-05    0.165804992199E+01    0.170974081909E-12    0.203888491740E-03
    0.500676399426E-05    0.172046115986E+01    0.170628658857E-12    0.211563129872E-03
    0.534160768652E-05    0.178293140810E+01    0.170039407769E-12    0.219245024443E-03
    0.568040123125E-05    0.184529620704E+01    0.169635059608E-12    0.226913952033E-03
    0.601870945319E-05    0.190766355639E+01    0.169126254839E-12    0.234583193245E-03
    0.636042545826E-05    0.196994696053E+01    0.168579893779E-12    0.242242111811E-03
    0.670139075953E-05    0.203225475145E+01    0.168148995454E-12    0.249904029192E-03
    0.704338605041E-05    0.209454601822E+01    0.167641172770E-12    0.257563914615E-03
    0.738431154094E-05    0.215688553359E+01    0.167266812071E-12    0.265229733115E-03
    0.772006243637E-05    0.221937621613E+01    0.166850255576E-12    0.272914140467E-03
    0.805366407418E-05    0.228194290619E+01    0.166373487102E-12    0.280607894377E-03
    0.839685301236E-05    0.234430449995E+01    0.165883189558E-12    0.288276427830E-03
    0.872860502360E-05    0.240696761021E+01    0.165460825215E-12    0.295982038421E-03
    0.907118330958E-05    0.246939132714E+01    0.164890860246E-12    0.303658211088E-03
    0.941067195493E-05    0.253191414585E+01    0.164474743996E-12    0.311346570189E-03
    0.975007948525E-05    0.259445911289E+01    0.163955644265E-12    0.319037652844E-03
    0.100912602482E-04    0.265697760964E+01    0.163496502526E-12    0.326725480477E-03
    0.104310428655E-04    0.271954677650E+01    0.163035362752E-12    0.334419538956E-03
    0.107731048602E-04    0.278207467308E+01    0.162585686282E-12    0.342108522475E-03
    0.111159819759E-04    0.284459807568E+01    0.162169891749E-12    0.349796953376E-03
    0.114431947543E-04    0.290752006565E+01    0.161628153263E-12    0.357534398107E-03
    0.117896453795E-04    0.296998805696E+01    0.161155346994E-12    0.365216015145E-03
    0.121254506287E-04    0.303272957460E+01    0.160672753739E-12    0.372931267401E-03
    0.124697079282E-04    0.309527857437E+01    0.160182760980E-12    0.380622845956E-03
    0.128077023950E-04    0.315798915099E+01    0.159774027301E-12    0.388334293430E-03
    0.131460994790E-04    0.322070088610E+01    0.159188399768E-12    0.396045883362E-03
    0.134890373318E-04    0.328330903446E+01    0.158763224629E-12    0.403744735352E-03
    0.138299562120E-04    0.334597621212E+01    0.158266340342E-12    0.411450846106E-03
    0.141718186303E-04    0.340863078273E+01    0.157803913697E-12    0.419155406585E-03
    0.145131663937E-04    0.347130418886E+01    0.157304032357E-12    0.426862283248E-03
    0.148556607106E-04    0.353395254158E+01    0.156839167432E-12    0.434566079120E-03
    0.151975192303E-04    0.359662231327E+01    0.156367698831E-12    0.442272508859E-03
    0.155319946378E-04    0.365948640750E+01    0.155925421864E-12    0.450002834217E-03
    0.158741072233E-04    0.372217439567E+01    0.155443218057E-12    0.457711504016E-03
    0.162082894683E-04    0.378507357953E+01    0.154938595616E-12    0.465446144306E-03
    0.165563162300E-04    0.384764156971E+01    0.154434379555E-12    0.473140058090E-03
    0.168916287843E-04    0.391053924700E+01    0.153972359290E-12    0.480874513118E-03
    0.172344467139E-04    0.397326424744E+01    0.153478065676E-12    0.488587734273E-03
    0.175709882969E-04    0.403615950240E+01    0.152993406655E-12    0.496321891430E-03
    0.179146044156E-04    0.409889088487E+01    0.152514775606E-12    0.504035897375E-03
    0.182573503522E-04    0.416164091427E+01    0.152014843468E-12    0.511752196314E-03
    0.185964729694E-04    0.422447913821E+01    0.151586163301E-12    0.519479340432E-03
    0.189392833187E-04    0.428722515740E+01    0.151040039296E-12    0.527195146238E-03
    0.192787687795E-04    0.435005083956E+01    0.150626175069E-12    0.534920748108E-03
    0.196185862067E-04    0.441286791516E+01    0.150093106024E-12    0.542645291640E-03
    0.199648444364E-04    0.447552037797E+01    0.149592039408E-12    0.550349592925E-03
    0.203036718395E-04    0.453836262663E+01    0.149156315320E-12    0.558077231959E-03
    0.206426448980E-04    0.460121687459E+01    0.148679902429E-12    0.565806346533E-03
    0.209895495409E-04    0.466389466177E+01    0.148162986991E-12    0.573513761928E-03
    0.213290028654E-04    0.472678494310E+01    0.147738082772E-12    0.581247307483E-03
    0.216684114253E-04    0.478970272982E+01    0.147292910347E-12    0.588984235345E-03
    0.220090689780E-04    0.485261252905E+01    0.146794265080E-12    0.596720180995E-03
    0.223497444773E-04    0.491554680801E+01    0.146343081617E-12    0.604459136889E-03
    0.226913113481E-04    0.497848437816E+01    0.145846281992E-12    0.612198497496E-03
    0.230321975479E-04    0.504146000655E+01    0.145401126500E-12    0.619942538082E-03
    0.233698374375E-04    0.510453637414E+01    0.144913588954E-12    0.627698966451E-03
    0.237118001961E-04    0.516751386766E+01    0.144436905143E-12    0.635443236390E-03
    0.240530182066E-04    0.523052231531E+01    0.143935804662E-12    0.643191312722E-03
    0.243900841514E-04    0.529365002023E+01    0.143501401309E-12    0.650954053984E-03
    0.247369322797E-04    0.535653911972E+01    0.142936075847E-12    0.658687454209E-03
    0.250794230854E-04    0.541955123439E+01    0.142534995659E-12    0.666435981471E-03
    0.254207175096E-04    0.548260732583E+01    0.141999352873E-12    0.674189916505E-03
    0.257624815251E-04    0.554565997882E+01    0.141611903350E-12    0.681943428718E-03
    0.261000173029E-04    0.560882913658E+01    0.141101981036E-12    0.689711267387E-03
    0.264459280092E-04    0.567179398460E+01    0.140625110966E-12    0.697453982323E-03
    0.267808345028E-04    0.573504805807E+01    0.140262281302E-12    0.705232262979E-03
    0.271201426891E-04    0.579819948970E+01    0.139668627762E-12    0.712997921887E-03
    0.274620704959E-04    0.586129103270E+01    0.139246551271E-12    0.720756216359E-03
    0.278010688493E-04    0.592446641163E+01    0.138729364913E-12    0.728524820039E-03
    0.281455756356E-04    0.598751081966E+01    0.138294098003E-12    0.736277318378E-03
    0.284857358386E-04    0.605067583722E+01    0.137776031155E-12    0.744044647932E-03
    0.288244429196E-04    0.611388703093E+01    0.137329504130E-12    0.751817655714E-03
    0.291714515877E-04    0.617689357848E+01    0.136769393878E-12    0.759565498393E-03
    0.295089444938E-04    0.624015122349E+01    0.136488788446E-12    0.767344218238E-03
    0.298531683702E-04    0.630324438221E+01    0.135886160681E-12    0.775102711393E-03
    0.301883484278E-04    0.636657719953E+01    0.135495392387E-12    0.782890675090E-03
    0.305299208448E-04    0.642975260391E+01    0.134971179040E-12    0.790659281900E-03
    0.308712683549E-04    0.649294267514E+01    0.134532000722E-12    0.798429692275E-03
    0.312114265883E-04    0.655616964686E+01    0.134087827315E-12    0.806204640261E-03
    0.315521301026E-04    0.661939578912E+01    0.133579259601E-12    0.813979486248E-03
    0.318948855394E-04    0.668258531100E+01    0.133131310246E-12    0.821749829071E-03
    0.322337665691E-04    0.674588933898E+01    0.132687577084E-12    0.829534252576E-03
    0.325736142232E-04    0.680918364704E+01    0.132214466030E-12    0.837317480835E-03
    0.329115170108E-04    0.687254537345E+01    0.131746959635E-12    0.845108999450E-03
    0.332522752263E-04    0.693584678046E+01    0.131312420822E-12    0.852893100657E-03
    0.335909872340E-04    0.699921828169E+01    0.130810151999E-12    0.860685821271E-03
    0.339328924427E-04    0.706251957819E+01    0.130332147452E-12    0.868469908889E-03
    0.342772116765E-04    0.712576770213E+01    0.129914693534E-12    0.876247457939E-03
    0.346153956176E-04    0.718918571577E+01    0.129443445056E-12    0.884045898130E-03
    0.349582358872E-04    0.725248888252E+01    0.128987418897E-12    0.891830215731E-03
    0.352943708284E-04    0.731597549165E+01    0.128580852578E-12    0.899637091030E-03
    0.356325193244E-04    0.737941916758E+01    0.128061549658E-12    0.907438686883E-03
    0.359724646088E-04    0.744282263548E+01    0.127643113655E-12    0.915235338402E-03
    0.363118470101E-04    0.750624918300E+01    0.127182786641E-12    0.923034827993E-03
    0.366475909220E-04    0.756978218919E+01    0.126668140158E-12    0.930847408686E-03
    0.369898600006E-04    0.763315332340E+01    0.126234210915E-12    0.938640084168E-03
    0.373323144766E-04    0.769653195461E+01    0.125754496186E-12    0.946433681546E-03
    0.376740707415E-04    0.775993859906E+01    0.125337279323E-12    0.954230723681E-03
    0.380133929066E-04    0.782342052801E+01    0.124875022003E-12    0.962037023464E-03
    0.383512228594E-04    0.788695456195E+01    0.124430323689E-12    0.969849730538E-03
    0.386939173984E-04    0.795036998312E+01    0.123979563538E-12    0.977647851937E-03
    0.390333126735E-04    0.801388359381E+01    0.123538285589E-12    0.985458047587E-03
    0.393674502979E-04    0.807754830125E+01    0.123131753136E-12    0.993286823430E-03
    0.397072666373E-04    0.814107596195E+01    0.122661215822E-12    0.100109874679E-02
    0.400434380328E-04    0.820471644420E+01    0.122244456137E-12    0.100892454369E-02
    0.403812375884E-04    0.826832708958E+01    0.121756359819E-12    0.101674667159E-02
    0.407206369769E-04    0.833191006819E+01    0.121283672078E-12    0.102456539733E-02
    0.410615020723E-04    0.839547035149E+01    0.120886791150E-12    0.103238133226E-02
    0.413964381794E-04    0.845920102328E+01    0.120415796660E-12    0.104021821966E-02
    0.417362314142E-04    0.852281788150E+01    0.119962835284E-12    0.104804111154E-02
    0.420751165969E-04    0.858647451645E+01    0.119526806411E-12    0.105586889472E-02
    0.424141374421E-04    0.865013234054E+01    0.119048395484E-12    0.106369682413E-02
    0.427556619697E-04    0.871372832423E+01    0.118654054432E-12    0.107151714909E-02
    0.430924296079E-04    0.877745663549E+01    0.118203836122E-12    0.107935374622E-02
    0.434282168156E-04    0.884121423175E+01    0.117816098746E-12    0.108719394450E-02
    0.437637184740E-04    0.890498553895E+01    0.117307293977E-12    0.109503582879E-02
    0.441036419518E-04    0.896864222607E+01    0.116909447897E-12    0.110286361839E-02
    0.444386145800E-04    0.903243546874E+01    0.116415272810E-12    0.111070820006E-02
    0.447804575404E-04    0.909605330075E+01    0.116013515322E-12    0.111853121169E-02
    0.451181560082E-04    0.915979468456E+01    0.115603105325E-12    0.112636941633E-02
    0.454535259371E-04    0.922361477035E+01    0.115157069343E-12    0.113421729888E-02
    0.457871130363E-04    0.928750082506E+01    0.114724528565E-12    0.114207329354E-02
    0.461256333419E-04    0.935127017908E+01    0.114283826322E-12    0.114991493765E-02
    0.464628995659E-04    0.941508984567E+01    0.113827580040E-12    0.115776276865E-02
    0.468013570145E-04    0.947889572762E+01    0.113438792849E-12    0.116560890456E-02
    0.471374200278E-04    0.954278100335E+01    0.112982919083E-12    0.117346480343E-02
    0.474736857781E-04    0.960667749624E+01    0.112548278675E-12    0.118132208166E-02
    0.478107452274E-04    0.967056471626E+01    0.112129436292E-12    0.118917821962E-02
    0.481464810862E-04    0.973449950200E+01    0.111646538252E-12    0.119704020668E-02
    0.484881169243E-04    0.979828885948E+01    0.111275123809E-12    0.120488431060E-02
    0.488214231296E-04    0.986231251944E+01    0.110879529752E-12    0.121275722642E-02
    0.491561516192E-04    0.992630972899E+01    0.110411464584E-12    0.122062688967E-02
    0.494885631851E-04    0.999038250902E+01    0.110013110529E-12    0.122850584573E-02
    0.498247737587E-04    0.100543636093E+02    0.109579790856E-12    0.123637352803E-02
    0.501576616700E-04    0.101184455899E+02    0.109145387503E-12    0.124425361548E-02
    0.504922344473E-04    0.101824835528E+02    0.108704634462E-12    0.125212829011E-02
    0.508278937527E-04    0.102464938287E+02    0.108284776129E-12    0.125999956012E-02
    0.511649004282E-04    0.103104707031E+02    0.107865374973E-12    0.126786672278E-02
    0.514982725768E-04    0.103745457585E+02    0.107398207228E-12    0.127574595864E-02
    0.518373825894E-04    0.104384673503E+02    0.106996839187E-12    0.128360632325E-02
    0.521708760219E-04    0.105025436761E+02    0.106581942077E-12    0.129148571533E-02
    0.525071945724E-04    0.105665438871E+02    0.106153024855E-12    0.129935574766E-02
    0.528435160733E-04    0.106305487069E+02    0.105739753266E-12    0.130722634673E-02
    0.531786909143E-04    0.106945967449E+02    0.105321622048E-12    0.131510226030E-02
    0.535123449494E-04    0.107586967589E+02    0.104959859131E-12    0.132298456529E-02
    0.538475415422E-04    0.108227686016E+02    0.104512028303E-12    0.133086340608E-02
    0.541795362798E-04    0.108869381693E+02    0.104099925056E-12    0.133875426401E-02
    0.545134217417E-04    0.109510686756E+02    0.103704872839E-12    0.134664031861E-02
    0.548434533073E-04    0.110153176804E+02    0.103298391183E-12    0.135454094482E-02
    0.551786213011E-04    0.110794375902E+02    0.102824264179E-12    0.136242569638E-02
    0.555159298986E-04    0.111435111558E+02    0.102476335117E-12    0.137030474904E-02
    0.558459863222E-04    0.112077958393E+02    0.102052345253E-12    0.137820976263E-02
    0.561838127252E-04    0.112718793876E+02    0.101650994145E-12    0.138609004285E-02
    0.565137325179E-04    0.113361904097E+02    0.101221365758E-12    0.139399829526E-02
    0.568470776905E-04    0.114004215089E+02    0.100878330189E-12    0.140189671966E-02
    0.571792855573E-04    0.114646942084E+02    0.100418172500E-12    0.140980025958E-02
    0.575137811745E-04    0.115289135695E+02    0.100049128606E-12    0.141769724055E-02
    0.578435479766E-04    0.115932743022E+02    0.996459826533E-13    0.142561160582E-02
    0.581756060509E-04    0.116575997532E+02    0.992674226938E-13    0.143352163253E-02
    0.585083423356E-04    0.117219056809E+02    0.988368291540E-13    0.144142925850E-02
    0.588398360745E-04    0.117862591805E+02    0.984573209744E-13    0.144934273432E-02
    0.591733226582E-04    0.118505717100E+02    0.980581372268E-13    0.145725117210E-02
    0.595043383336E-04    0.119149799609E+02    0.976555669787E-13    0.146517138062E-02
    0.598362570863E-04    0.119793626118E+02    0.972497456901E-13    0.147308844115E-02
    0.601656502142E-04    0.120438280368E+02    0.969265719465E-13    0.148101568031E-02
    0.604953679947E-04    0.121082967101E+02    0.964189355201E-13    0.148894331890E-02
    0.608291231041E-04    0.121726782191E+02    0.960896491430E-13    0.149686023901E-02
    0.611603814547E-04    0.122371216285E+02    0.957016408471E-13    0.150478477095E-02
    0.614882218054E-04    0.123016664736E+02    0.952759577331E-13    0.151272177631E-02
    0.618204864336E-04    0.123660975431E+02    0.949405248576E-13    0.152064479081E-02
    0.621481808046E-04    0.124306761896E+02    0.945301317933E-13    0.152858595269E-02
    0.624762022327E-04    0.124952390270E+02    0.941397529470E-13    0.153652517054E-02
    0.628064537196E-04    0.125597486855E+02    0.937164742483E-13    0.154445784905E-02
    0.631356574224E-04    0.126242963462E+02    0.933562860541E-13    0.155239520063E-02
    0.634643792455E-04    0.126888809343E+02    0.929296039224E-13    0.156033709314E-02
    0.637972872721E-04    0.127533425119E+02    0.925794059047E-13    0.156826385920E-02
    0.641240550765E-04    0.128179780861E+02    0.921884852183E-13    0.157621202141E-02
    0.644547067740E-04    0.128825120453E+02    0.917734865134E-13    0.158414768814E-02
    0.647868865515E-04    0.129470090735E+02    0.914092345186E-13    0.159207881351E-02
    0.651207138919E-04    0.130114803071E+02    0.910501808020E-13    0.160000676695E-02
    0.654441402916E-04    0.130762284280E+02    0.907107687884E-13    0.160796876890E-02
    0.657699383645E-04    0.131409170096E+02    0.902803445736E-13    0.161592344938E-02
    0.660982215730E-04    0.132055441992E+02    0.899561210148E-13    0.162387058054E-02
    0.664236990935E-04    0.132702726610E+02    0.895286599880E-13    0.163183016503E-02
    0.667504287415E-04    0.133349631340E+02    0.891699787865E-13    0.163978507809E-02
    0.670771813376E-04    0.133996640978E+02    0.887768738073E-13    0.164774128118E-02
    0.674087595861E-04    0.134642426747E+02    0.884064245166E-13    0.165568243450E-02
    0.677366030315E-04    0.135289502174E+02    0.880460161998E-13    0.166363944660E-02
    0.680636209138E-04    0.135936778694E+02    0.876531652082E-13    0.167159893152E-02
    0.683906919170E-04    0.136584160318E+02    0.873120260794E-13    0.167955970888E-02
    0.687178553693E-04    0.137231633218E+02    0.869048840556E-13    0.168752160866E-02
    0.690453458209E-04    0.137879280579E+02    0.866166928622E-13    0.169548565376E-02
    0.693695148289E-04    0.138527830454E+02    0.861714357752E-13    0.170346079698E-02
    0.696976161470E-04    0.139175417107E+02    0.858639245964E-13    0.171142409556E-02
    0.700208549581E-04    0.139824480061E+02    0.854872780097E-13    0.171940554804E-02
    0.703470830025E-04    0.140472839213E+02    0.851174044240E-13    0.172737834596E-02
    0.706708199707E-04    0.141122149110E+02    0.847581136525E-13    0.173536283507E-02
    0.709946205261E-04    0.141771398094E+02    0.843860896390E-13    0.174334657515E-02
    0.713206202740E-04    0.142420134263E+02    0.840160297958E-13    0.175132400920E-02
    0.716457369937E-04    0.143069210341E+02    0.836905532318E-13    0.175930562307E-02
    0.719701372870E-04    0.143718709040E+02    0.833085559743E-13    0.176729243387E-02
    0.722952364733E-04    0.144367943032E+02    0.829742067789E-13    0.177527598958E-02
    0.726195382286E-04    0.145017473858E+02    0.825852502629E-13    0.178326319544E-02
    0.729412397680E-04    0.145667805890E+02    0.822455673293E-13    0.179126025364E-02
    0.732683989000E-04    0.146316842615E+02    0.818998056272E-13    0.179924138359E-02
    0.735893345032E-04    0.146967539695E+02    0.815476942367E-13    0.180724293073E-02
    0.739128399376E-04    0.147617595328E+02    0.811677458120E-13    0.181523659008E-02
    0.742363006891E-04    0.148267737338E+02    0.808474505938E-13    0.182323131159E-02
    0.745598066320E-04    0.148918096027E+02    0.804656395939E-13    0.183122869759E-02
    0.748823451135E-04    0.149568666628E+02    0.801315951836E-13    0.183922868943E-02
    0.752019436262E-04    0.150220145070E+02    0.797817527484E-13    0.184723984490E-02
    0.755275631550E-04    0.150870038371E+02    0.794138094680E-13    0.185523150807E-02
    0.758487935886E-04    0.151521406657E+02    0.791360148312E-13    0.186324130896E-02
    0.761700216123E-04    0.152172738307E+02    0.787381518189E-13    0.187125065934E-02
    0.764912070608E-04    0.152824190712E+02    0.784166374605E-13    0.187926149463E-02
    0.768105007676E-04    0.153476280057E+02    0.780192654906E-13    0.188728016231E-02
    0.771338807053E-04    0.154127334358E+02    0.777467537946E-13    0.189528610215E-02
    0.774552084534E-04    0.154779206686E+02    0.773425072288E-13    0.190330210119E-02
    0.777764404751E-04    0.155431055835E+02    0.770156252671E-13    0.191131781519E-02
    0.780953823851E-04    0.156083626505E+02    0.767046090603E-13    0.191934240166E-02
    0.784147752189E-04    0.156736141285E+02    0.763396628328E-13    0.192736630086E-02
    0.787379327422E-04    0.157387815648E+02    0.760190289646E-13    0.193537986554E-02
    0.790546904696E-04    0.158041199811E+02    0.756892176799E-13    0.194341445544E-02
    0.793756352220E-04    0.158693479100E+02    0.753217146446E-13    0.195143545882E-02
    0.796955475955E-04    0.159346113021E+02    0.750266319227E-13    0.195946082308E-02
    0.800107460870E-04    0.160000277203E+02    0.746824618759E-13    0.196750500478E-02
    0.803300245918E-04    0.160653225575E+02    0.743102685374E-13    0.197553423581E-02
    0.806497999373E-04    0.161306113167E+02    0.740225853191E-13    0.198356271943E-02
    0.809688207741E-04    0.161959293209E+02    0.736479875652E-13    0.199159479927E-02
    0.812885644201E-04    0.162612498426E+02    0.733452344196E-13    0.199962718870E-02
    0.816034306176E-04    0.163267006337E+02    0.730349124454E-13    0.200767559718E-02
    0.819223875399E-04    0.163920449034E+02    0.726706265856E-13    0.201571090687E-02
    0.822398663534E-04    0.164574387974E+02    0.723451161566E-13    0.202375231880E-02
    0.825562148276E-04    0.165228733158E+02    0.720360979851E-13    0.203179872626E-02
    0.828760871299E-04    0.165882349365E+02    0.716858661024E-13    0.203983616958E-02
    0.831932642639E-04    0.166536703595E+02    0.714000793244E-13    0.204788268827E-02
    0.835108758573E-04    0.167191065923E+02    0.710835769867E-13    0.205592930656E-02
    0.838253995816E-04    0.167846426056E+02    0.707764721880E-13    0.206398819473E-02
    0.841392791026E-04    0.168502244508E+02    0.704132022783E-13    0.207205271879E-02
    0.844563362466E-04    0.169157153771E+02    0.701160199261E-13    0.208010606267E-02
    0.847726093513E-04    0.169812413124E+02    0.698284213703E-13    0.208816371156E-02
    0.850856055953E-04    0.170468708980E+02    0.694849794211E-13    0.209623410621E-02
    0.853986576171E-04    0.171125218135E+02    0.691802959702E-13    0.210430712379E-02
    0.857097097193E-04    0.171782210948E+02    0.688349575808E-13    0.211238608884E-02
    0.860263464119E-04    0.172437700076E+02    0.685447852846E-13    0.212044656324E-02
    0.863398758167E-04    0.173094129746E+02    0.682144321599E-13    0.212851860339E-02
    0.866522506174E-04    0.173751097467E+02    0.679048213508E-13    0.213659725988E-02
    0.869656045787E-04    0.174407709995E+02    0.675864903028E-13    0.214467154862E-02
    0.872792505458E-04    0.175064315675E+02    0.672675496848E-13    0.215274575313E-02
    0.875950836625E-04    0.175720398716E+02    0.669720605829E-13    0.216081353082E-02
    0.879075414901E-04    0.176377661510E+02    0.666547962826E-13    0.216889581580E-02
    0.882183888231E-04    0.177035294667E+02    0.663453209335E-13    0.217698265509E-02
    0.885324221453E-04    0.177692095447E+02    0.660247547953E-13    0.218505925873E-02
    0.888435492838E-04    0.178349777967E+02    0.657403564825E-13    0.219314670503E-02
    0.891559921165E-04    0.179007153996E+02    0.654029425042E-13    0.220123038245E-02
    0.894686902133E-04    0.179664666502E+02    0.651365095766E-13    0.220931573811E-02
    0.897791689940E-04    0.180322718973E+02    0.647907140095E-13    0.221740773364E-02
    0.900909550682E-04    0.180980482663E+02    0.645317821806E-13    0.222549617808E-02
    0.904002995104E-04    0.181639019931E+02    0.642179890433E-13    0.223359413512E-02
    0.907088135137E-04    0.182298059013E+02    0.639365031210E-13    0.224169826291E-02
    0.910178736763E-04    0.182956932055E+02    0.636120255746E-13    0.224980034892E-02
    0.913281404272E-04    0.183615599614E+02    0.633370078682E-13    0.225789990813E-02
    0.916356736253E-04    0.184275174089E+02    0.630400625710E-13    0.226601061958E-02
    0.919451382590E-04    0.184934488776E+02    0.627064753383E-13    0.227411813645E-02
    0.922531367112E-04    0.185594192670E+02    0.624395513682E-13    0.228223043935E-02
    0.925622852177E-04    0.186253684919E+02    0.621073187356E-13    0.229034013968E-02
    0.928704652893E-04    0.186913562369E+02    0.618566669004E-13    0.229845457678E-02
    0.931784978119E-04    0.187573736934E+02    0.615291415036E-13    0.230657266746E-02
    0.934877143720E-04    0.188233517132E+02    0.612358536270E-13    0.231468590867E-02
    0.937948486906E-04    0.188893968339E+02    0.609671178790E-13    0.232280740120E-02
    0.941027591711E-04    0.189554279628E+02    0.606641954084E-13    0.233092717317E-02
    0.944081573796E-04    0.190215363083E+02    0.603879924269E-13    0.233905644037E-02
    0.947130765654E-04    0.190876782707E+02    0.600943659002E-13    0.234718984140E-02
    0.950187519324E-04    0.191537893302E+02    0.597972174129E-13    0.235531944235E-02
    0.953255560853E-04    0.192198736906E+02    0.595194735736E-13    0.236344576014E-02
    0.956288308976E-04    0.192860628681E+02    0.592184814083E-13    0.237158496716E-02
    0.959351041757E-04    0.193521863394E+02    0.589381807611E-13    0.237971609437E-02
    0.962375461855E-04    0.194184055831E+02    0.586469247848E-13    0.238785899860E-02
    0.965435923505E-04    0.194845263882E+02    0.583375510307E-13    0.239598979795E-02
    0.968477519372E-04    0.195507044861E+02    0.580605014240E-13    0.240412764252E-02
    0.971524057260E-04    0.196168874871E+02    0.577774069139E-13    0.241226609002E-02
    0.974606436013E-04    0.196829584321E+02    0.574695740176E-13    0.242039075814E-02
    0.977648542743E-04    0.197491474809E+02    0.572245776382E-13    0.242852994933E-02
    0.980687489838E-04    0.198153496343E+02    0.569318993317E-13    0.243667075198E-02
    0.983714450033E-04    0.198816046626E+02    0.566824497041E-13    0.244481805661E-02
    0.986761493014E-04    0.199477950300E+02    0.563874685772E-13    0.245295740995E-02
    0.989764911777E-04    0.200141225221E+02    0.561203922145E-13    0.246111362536E-02
    0.992787865651E-04    0.200804091004E+02    0.558314559910E-13    0.246926480964E-02
    0.995822940112E-04    0.201466905781E+02    0.555883052544E-13    0.247741536673E-02
    0.998826501161E-04    0.202130612108E+02    0.553085125823E-13    0.248557688708E-02
    0.100183182933E-03    0.202794413722E+02    0.550396413743E-13    0.249373957917E-02
    0.100484953444E-03    0.203458009583E+02    0.547590020771E-13    0.250189974114E-02
    0.100784571894E-03    0.204122352031E+02    0.545274670373E-13    0.251006908381E-02
    0.101085535998E-03    0.204786556471E+02    0.542403595240E-13    0.251823672941E-02
    0.101383208329E-03    0.205451623186E+02    0.539837305154E-13    0.252641497831E-02
    0.101681333384E-03    0.206116635046E+02    0.537243415089E-13    0.253459255266E-02
    0.101980976638E-03    0.206781290205E+02    0.534568418336E-13    0.254276574070E-02
    0.102275787365E-03    0.207447535920E+02    0.531972327045E-13    0.255095848762E-02
    0.102572361254E-03    0.208113207632E+02    0.528894336732E-13    0.255914417609E-02
    0.102872986381E-03    0.208777810789E+02    0.526421852710E-13    0.256731672468E-02
    0.103168461815E-03    0.209443963012E+02    0.523976460692E-13    0.257550832193E-02
    0.103466559637E-03    0.210109616683E+02    0.520850043421E-13    0.258369378855E-02
    0.103765160163E-03    0.210775077679E+02    0.518591247581E-13    0.259187688588E-02
    0.104062188991E-03    0.211441066853E+02    0.515951301109E-13    0.260006647815E-02
    0.104358129953E-03    0.212107430570E+02    0.512955772083E-13    0.260826067612E-02
    0.104654281455E-03    0.212773949150E+02    0.510792136907E-13    0.261645677844E-02
    0.104951217379E-03    0.213440163056E+02    0.507836568588E-13    0.262464913421E-02
    0.105245918029E-03    0.214107088520E+02    0.505620950629E-13    0.263285023993E-02
    0.105542193836E-03    0.214773661232E+02    0.502922756348E-13    0.264104700790E-02
    0.105836782450E-03    0.215440806982E+02    0.500234044268E-13    0.264925082244E-02
    0.106132085562E-03    0.216107993049E+02    0.498052291315E-13    0.265745513277E-02
    0.106424588186E-03    0.216775920687E+02    0.495204921686E-13    0.266566856211E-02
    0.106715223405E-03    0.217444482568E+02    0.492972540550E-13    0.267388979065E-02
    0.107007270251E-03    0.218112762609E+02    0.490234554888E-13    0.268210755346E-02
    0.107297584384E-03    0.218781776333E+02    0.487792549371E-13    0.269033433827E-02
    0.107588864953E-03    0.219450430499E+02    0.485038647156E-13    0.269855670163E-02
    0.107879222722E-03    0.220119403577E+02    0.482614759416E-13    0.270678298662E-02
    0.108169663243E-03    0.220788410339E+02    0.480290434791E-13    0.271500968582E-02
    0.108460167319E-03    0.221457604274E+02    0.477239536482E-13    0.272323868666E-02
    0.108753390127E-03    0.222125937203E+02    0.474997334495E-13    0.273145709982E-02
    0.109045277791E-03    0.222794707754E+02    0.472069704804E-13    0.273968089436E-02
    0.109338627048E-03    0.223463138760E+02    0.469832413242E-13    0.274790051355E-02
    0.109629680263E-03    0.224132438796E+02    0.467419870279E-13    0.275613081911E-02
    0.109918282301E-03    0.224802358093E+02    0.464938581356E-13    0.276436873965E-02
    0.110208099908E-03    0.225472005661E+02    0.462469822484E-13    0.277260331877E-02
    0.110497891814E-03    0.226141733226E+02    0.459980236634E-13    0.278083888160E-02
    0.110787004095E-03    0.226811726327E+02    0.457556010244E-13    0.278907770970E-02
    0.111075508980E-03    0.227482111509E+02    0.455395084269E-13    0.279732135916E-02
    0.111361118276E-03    0.228153232684E+02    0.452891783092E-13    0.280557405906E-02
    0.111648589482E-03    0.228823885430E+02    0.450467895353E-13    0.281382099874E-02
    0.111935547266E-03    0.229494744700E+02    0.448042314363E-13    0.282207047802E-02
    0.112218901323E-03    0.230166868958E+02    0.445895273039E-13    0.283033551270E-02
    0.112502856972E-03    0.230838778869E+02    0.443151530326E-13    0.283859791159E-02
    0.112788114329E-03    0.231510423979E+02    0.440938790893E-13    0.284685705425E-02
    0.113075756683E-03    0.232181497894E+02    0.438292579395E-13    0.285510917300E-02
    0.113360740133E-03    0.232853586231E+02    0.436224612859E-13    0.286337376598E-02
    0.113643109587E-03    0.233526374791E+02    0.433660862648E-13    0.287164696951E-02
    0.113928853409E-03    0.234198311517E+02    0.431058844981E-13    0.287990969814E-02
    0.114214046951E-03    0.234870510357E+02    0.429388961580E-13    0.288817564996E-02
    0.114497385034E-03    0.235543489657E+02    0.426371928276E-13    0.289645119900E-02
    0.114780509632E-03    0.236216482864E+02    0.424541694075E-13    0.290472691906E-02
    0.115063573293E-03    0.236889584855E+02    0.421999786793E-13    0.291300397681E-02
    0.115343086308E-03    0.237563779073E+02    0.419802794587E-13    0.292129446556E-02
    0.115623752011E-03    0.238237879294E+02    0.417451547283E-13    0.292958379844E-02
    0.115905656427E-03    0.238911563250E+02    0.414933176179E-13    0.293786801255E-02
    0.116186085528E-03    0.239585748615E+02    0.412810517660E-13    0.294615839244E-02
    0.116467115362E-03    0.240259846997E+02    0.410349378414E-13    0.295444770271E-02
    0.116745769029E-03    0.240934701879E+02    0.408278364027E-13    0.296274631557E-02
    0.117023886571E-03    0.241609940695E+02    0.405833818634E-13    0.297104964962E-02
    0.117300366912E-03    0.242285569383E+02    0.403581287820E-13    0.297935777788E-02
    0.117578568024E-03    0.242960743095E+02    0.401170099458E-13    0.298766031135E-02
    0.117856084980E-03    0.243636130586E+02    0.398860675435E-13    0.299596547365E-02
    0.118135526115E-03    0.244311141306E+02    0.396382434362E-13    0.300426600283E-02
    0.118415768391E-03    0.244985796194E+02    0.394131596798E-13    0.301256215638E-02
    0.118695398629E-03    0.245660644362E+02    0.391820479525E-13    0.302086068668E-02
    0.118971881121E-03    0.246336405996E+02    0.389609094692E-13    0.302917044977E-02
    0.119249316205E-03    0.247012093999E+02    0.387504045976E-13    0.303747930742E-02
    0.119526095774E-03    0.247687897452E+02    0.384948592691E-13    0.304578958474E-02
    0.119804287845E-03    0.248363381247E+02    0.382846761150E-13    0.305409593127E-02
    0.120080875462E-03    0.249039410588E+02    0.380910698808E-13    0.306240898632E-02
    0.120355613988E-03    0.249716248183E+02    0.378641743467E-13    0.307073198037E-02
    0.120630865531E-03    0.250392932111E+02    0.376195674148E-13    0.307905308481E-02
    0.120905318879E-03    0.251069980446E+02    0.374499884018E-13    0.308737867030E-02
    0.121176971075E-03    0.251747941518E+02    0.372100379082E-13    0.309571547962E-02
    0.121449066053E-03    0.252425882009E+02    0.370158898340E-13    0.310405203585E-02
    0.121718928388E-03    0.253104707558E+02    0.367831525865E-13    0.311239947556E-02
    0.121989817677E-03    0.253783196584E+02    0.365770840304E-13    0.312074277706E-02
    0.122260099726E-03    0.254461960938E+02    0.363557084921E-13    0.312908946425E-02
    0.122532257727E-03    0.255140297680E+02    0.360914937223E-13    0.313743089314E-02
    0.122800523337E-03    0.255819982697E+02    0.359349527363E-13    0.314578890161E-02
    0.123070286777E-03    0.256499157576E+02    0.356729222593E-13    0.315414063697E-02
    0.123342858110E-03    0.257177589806E+02    0.354531045113E-13    0.316248324008E-02
    0.123612649014E-03    0.257856860164E+02    0.352478148504E-13    0.317083614953E-02
    0.123883510328E-03    0.258536027995E+02    0.350149082778E-13    0.317918779823E-02
    0.124151284398E-03    0.259215971824E+02    0.347980706502E-13    0.318754898929E-02
    0.124422579145E-03    0.259894971204E+02    0.345918158366E-13    0.319589856656E-02
    0.124688669521E-03    0.260575495486E+02    0.343771455693E-13    0.320426689537E-02
    0.124957243490E-03    0.261255536526E+02    0.341676058503E-13    0.321262928182E-02
    0.125223405480E-03    0.261936188511E+02    0.339446386567E-13    0.322099918099E-02
    0.125489677669E-03    0.262616887679E+02    0.337369445804E-13    0.322936966036E-02
    0.125756914310E-03    0.263297395060E+02    0.335073737109E-13    0.323773778136E-02
    0.126023242083E-03    0.263978389968E+02    0.333009665048E-13    0.324611189741E-02
    0.126288668287E-03    0.264659572355E+02    0.330911727983E-13    0.325448831886E-02
    0.126553831622E-03    0.265340907999E+02    0.328644635216E-13    0.326286662490E-02
    0.126818736261E-03    0.266022386645E+02    0.326656928742E-13    0.327124668943E-02
    0.127083427414E-03    0.266703992795E+02    0.324435892383E-13    0.327962832186E-02
    0.127347079484E-03    0.267386109040E+02    0.322548087674E-13    0.328801622686E-02
    0.127609542089E-03    0.268068479826E+02    0.320266771605E-13    0.329640726192E-02
    0.127872830278E-03    0.268750684111E+02    0.318267381704E-13    0.330479624955E-02
    0.128135666216E-03    0.269433084453E+02    0.316038387069E-13    0.331318764806E-02
    0.128398958308E-03    0.270115582548E+02    0.313905061073E-13    0.332158024864E-02
    0.128661387737E-03    0.270798259394E+02    0.311968152106E-13    0.332997504728E-02
    0.128923056550E-03    0.271481235893E+02    0.309818232258E-13    0.333837353073E-02
    0.129181865655E-03    0.272165105524E+02    0.307835097559E-13    0.334678299692E-02
    0.129443354959E-03    0.272848450861E+02    0.305561231792E-13    0.335518601593E-02
    0.129703963140E-03    0.273531980697E+02    0.303642271278E-13    0.336359130370E-02
    0.129963886058E-03    0.274215787455E+02    0.301474572302E-13    0.337199999675E-02
    0.130224361051E-03    0.274899512850E+02    0.299528011809E-13    0.338040768929E-02
    0.130482675286E-03    0.275584068782E+02    0.297307822075E-13    0.338882559484E-02
    0.130740892766E-03    0.276268573126E+02    0.295337725403E-13    0.339724286603E-02
    0.130997728077E-03    0.276953536476E+02    0.293254688940E-13    0.340566578155E-02
    0.131252546633E-03    0.277639136941E+02    0.291340300201E-13    0.341409653161E-02
    0.131508907260E-03    0.278324369104E+02    0.289047639356E-13    0.342252275269E-02
    0.131764575219E-03    0.279010015890E+02    0.287020141501E-13    0.343095407237E-02
    0.132021494254E-03    0.279695232734E+02    0.284847024124E-13    0.343938010508E-02
    0.132278602527E-03    0.280380467955E+02    0.282716407328E-13    0.344780636377E-02
    0.132534126023E-03    0.281066222519E+02    0.280926811134E-13    0.345623900877E-02
    0.132789127283E-03    0.281752345603E+02    0.278667507319E-13    0.346467618540E-02
    0.133044465930E-03    0.282438295852E+02    0.276551452475E-13    0.347311123672E-02
    0.133300502429E-03    0.283124120917E+02    0.274740859978E-13    0.348154474865E-02
    0.133554011400E-03    0.283810736493E+02    0.272441087482E-13    0.348998798142E-02
    0.133810038929E-03    0.284496879517E+02    0.270620335483E-13    0.349842540326E-02
    0.134061938433E-03    0.285184128455E+02    0.268499200888E-13    0.350687642439E-02
    0.134312237209E-03    0.285871919235E+02    0.266477798734E-13    0.351533410850E-02
    0.134564010278E-03    0.286559384105E+02    0.264563748646E-13    0.352378778493E-02
    0.134813398640E-03    0.287247761475E+02    0.262335600636E-13    0.353225268227E-02
    0.135066211511E-03    0.287935111844E+02    0.260452537027E-13    0.354070495070E-02
    0.135314786999E-03    0.288623734009E+02    0.258424192547E-13    0.354917285826E-02
    0.135563251101E-03    0.289312456791E+02    0.256277320549E-13    0.355764200308E-02
    0.135814758718E-03    0.290000539895E+02    0.254243557668E-13    0.356610328187E-02
    0.136063033363E-03    0.290689454310E+02    0.252281249947E-13    0.357457478319E-02
    0.136311247466E-03    0.291378449683E+02    0.250130991449E-13    0.358304728004E-02
    0.136559201337E-03    0.292067575455E+02    0.248233704538E-13    0.359152138039E-02
    0.136808553708E-03    0.292756365627E+02    0.246084631315E-13    0.359999135391E-02
    0.137054996772E-03    0.293446183870E+02    0.244082362888E-13    0.360847396950E-02
    0.137300142429E-03    0.294136276451E+02    0.242050631907E-13    0.361695995859E-02
    0.137547084592E-03    0.294825920710E+02    0.239788788217E-13    0.362544043471E-02
    0.137796593111E-03    0.295514899649E+02    0.237861530777E-13    0.363391272947E-02
    0.138043209169E-03    0.296204901784E+02    0.235974234043E-13    0.364239760636E-02
    0.138288938819E-03    0.296895062600E+02    0.233756414859E-13    0.365088443452E-02
    0.138535053613E-03    0.297585182101E+02    0.231873181926E-13    0.365937075465E-02
    0.138780292736E-03    0.298275622840E+02    0.229772704984E-13    0.366786102500E-02
    0.139025710424E-03    0.298966244449E+02    0.227795327337E-13    0.367635351949E-02
    0.139268093712E-03    0.299657659612E+02    0.226099029232E-13    0.368485577222E-02
    0.139512618460E-03    0.300348558866E+02    0.223742871502E-13    0.369335168087E-02
    0.139755721811E-03    0.301039946481E+02    0.221979012711E-13    0.370185359485E-02
    0.139996970841E-03    0.301732091870E+02    0.219965738158E-13    0.371036482709E-02
    0.140235820189E-03    0.302424843328E+02    0.217804304208E-13    0.371888351208E-02
    0.140474925530E-03    0.303117601229E+02    0.215916499499E-13    0.372740227630E-02
    0.140718353109E-03    0.303809220445E+02    0.213907796722E-13    0.373590703825E-02
    0.140959425905E-03    0.304501581785E+02    0.211838306260E-13    0.374442092602E-02
    0.141197664020E-03    0.305194969867E+02    0.209876337190E-13    0.375294743950E-02
    0.141435695072E-03    0.305888345211E+02    0.207698478712E-13    0.376147379635E-02
    0.141676809445E-03    0.306580923348E+02    0.205724656890E-13    0.376999035003E-02
    0.141916901743E-03    0.307273847657E+02    0.203734749190E-13    0.377851116055E-02
    0.142154730644E-03    0.307967617201E+02    0.201742809591E-13    0.378704236485E-02
    0.142393396843E-03    0.308661059468E+02    0.199657233252E-13    0.379556954463E-02
    0.142629773056E-03    0.309355204650E+02    0.197747754939E-13    0.380410536810E-02
    0.142865179948E-03    0.310049680990E+02    0.195634239971E-13    0.381264526377E-02
    0.143101251854E-03    0.310744179820E+02    0.193490246498E-13    0.382118543600E-02
    0.143339506535E-03    0.311437979716E+02    0.191752633087E-13    0.382971701351E-02
    0.143576017951E-03    0.312132336539E+02    0.189446595565E-13    0.383825543949E-02
    0.143814112425E-03    0.312826313804E+02    0.187626690191E-13    0.384678919809E-02
    0.144050141082E-03    0.313521088779E+02    0.185553982554E-13    0.385533276605E-02
    0.144282775038E-03    0.314216736814E+02    0.183549682227E-13    0.386388706992E-02
    0.144516919153E-03    0.314912031930E+02    0.181679825971E-13    0.387243703398E-02
    0.144750960733E-03    0.315607427916E+02    0.179494178542E-13    0.388098823844E-02
    0.144982443249E-03    0.316303766355E+02    0.177621951735E-13    0.388955103212E-02
    0.145217099631E-03    0.316999133489E+02    0.175563467400E-13    0.389810188178E-02
    0.145449968067E-03    0.317695076003E+02    0.173670752265E-13    0.390665980683E-02
    0.145680905002E-03    0.318391634164E+02    0.171572137899E-13    0.391522530241E-02
    0.145912423400E-03    0.319088100713E+02    0.169695339317E-13    0.392378967146E-02
    0.146141126223E-03    0.319785582762E+02    0.167551007194E-13    0.393236652798E-02
    0.146373002628E-03    0.320482095070E+02    0.165680778423E-13    0.394093145972E-02
    0.146602600248E-03    0.321179321534E+02    0.163545217336E-13    0.394950517336E-02
    0.146832937955E-03    0.321876412754E+02    0.161615623211E-13    0.395807722390E-02
    0.147062899761E-03    0.322573832434E+02    0.159722637156E-13    0.396665331349E-02
    0.147288179904E-03    0.323272490516E+02    0.157570549947E-13    0.397524463155E-02
    0.147518957667E-03    0.323969673275E+02    0.155659141329E-13    0.398381780775E-02
    0.147743700583E-03    0.324668622314E+02    0.153602113190E-13    0.399241270369E-02
    0.147971290244E-03    0.325366989777E+02    0.151598998138E-13    0.400100044805E-02
    0.148200385754E-03    0.326064852655E+02    0.149485398507E-13    0.400958198760E-02
    0.148427290735E-03    0.326763400539E+02    0.147420395159E-13    0.401817195057E-02
    0.148651916628E-03    0.327462658208E+02    0.145602572483E-13    0.402677064169E-02
    0.148876144579E-03    0.328162246937E+02    0.143548033421E-13    0.403537340383E-02
    0.149098460365E-03    0.328862294032E+02    0.141526106359E-13    0.404398180243E-02
    0.149323401344E-03    0.329561675187E+02    0.139400840235E-13    0.405258201205E-02
    0.149548902420E-03    0.330260970984E+02    0.137464303783E-13    0.406118117202E-02
    0.149774458394E-03    0.330960316684E+02    0.135281213162E-13    0.406978094566E-02
    0.149998443151E-03    0.331660313201E+02    0.133297316501E-13    0.407838872231E-02
    0.150220153161E-03    0.332360858016E+02    0.131315891985E-13    0.408700324132E-02
    0.150441729374E-03    0.333061500605E+02    0.129336567100E-13    0.409561896264E-02
    0.150664969549E-03    0.333761738084E+02    0.127144756240E-13    0.410422970238E-02
    0.150890938036E-03    0.334461421305E+02    0.125218650210E-13    0.411283362647E-02
    0.151109934325E-03    0.335162978945E+02    0.123152139869E-13    0.412146060007E-02
    0.151329160772E-03    0.335864535233E+02    0.121189832149E-13    0.413008755705E-02
    0.151550783411E-03    0.336565480426E+02    0.119080211656E-13    0.413870699946E-02
    0.151775320937E-03    0.337265818230E+02    0.117083039913E-13    0.414731897288E-02
    0.151991716361E-03    0.337968358755E+02    0.115160743696E-13    0.415595803290E-02
    0.152211298979E-03    0.338670062504E+02    0.113046263575E-13    0.416458680319E-02
    0.152431312965E-03    0.339371705292E+02    0.110967019992E-13    0.417321482385E-02
    0.152649255180E-03    0.340074142435E+02    0.109109744585E-13    0.418185261260E-02
    0.152864742886E-03    0.340777181101E+02    0.106825109746E-13    0.419049779822E-02
    0.153085363772E-03    0.341478834060E+02    0.105049990842E-13    0.419912594394E-02
    0.153298008610E-03    0.342182796274E+02    0.102921185824E-13    0.420778248632E-02
    0.153516372516E-03    0.342885209013E+02    0.100855471310E-13    0.421641997497E-02
    0.153732774565E-03    0.343588387381E+02    0.988498671810E-14    0.422506687848E-02
    0.153946661551E-03    0.344292186575E+02    0.969545444407E-14    0.423372141621E-02
    0.154162694937E-03    0.344995442944E+02    0.946666924264E-14    0.424236927888E-02
    0.154380992821E-03    0.345698122939E+02    0.927135113249E-14    0.425101005397E-02
    0.154598480964E-03    0.346401244713E+02    0.907198107448E-14    0.425965626155E-02
    0.154811691971E-03    0.347105486628E+02    0.887005759509E-14    0.426831624337E-02
    0.155021510580E-03    0.347810748874E+02    0.867686620726E-14    0.427698877209E-02
    0.155234335834E-03    0.348515214524E+02    0.845331992211E-14    0.428565150515E-02
    0.155449908311E-03    0.349219103893E+02    0.826496784351E-14    0.429430715175E-02
    0.155661225789E-03    0.349924093199E+02    0.805813901813E-14    0.430297632416E-02
    0.155872933578E-03    0.350629022342E+02    0.785347416657E-14    0.431164475674E-02
    0.156082793456E-03    0.351334527180E+02    0.765559078229E-14    0.432032026858E-02
    0.156297783805E-03    0.352038785235E+02    0.742902373869E-14    0.432898044888E-02
    0.156509945253E-03    0.352743745907E+02    0.724757504138E-14    0.433764926918E-02
    0.156718055295E-03    0.353449907044E+02    0.703750025526E-14    0.434633285146E-02
    0.156931834963E-03    0.354154516675E+02    0.683622529071E-14    0.435499735504E-02
    0.157142089715E-03    0.354860329655E+02    0.663444404434E-14    0.436367665607E-02
    0.157350993464E-03    0.355566434333E+02    0.643461511551E-14    0.437235954407E-02
    0.157560668273E-03    0.356272381263E+02    0.621739650657E-14    0.438104049228E-02
    0.157769911549E-03    0.356978502671E+02    0.603071566597E-14    0.438972358601E-02
    0.157974778804E-03    0.357685893767E+02    0.581384248008E-14    0.439842229294E-02
    0.158184961891E-03    0.358391950411E+02    0.561823313088E-14    0.440710459028E-02
    0.158392660673E-03    0.359098587645E+02    0.540841233230E-14    0.441579402707E-02
    0.158601306074E-03    0.359804984134E+02    0.521671439120E-14    0.442448050344E-02
    0.158805472928E-03    0.360512688944E+02    0.500764200923E-14    0.443318306808E-02
    0.159013844226E-03    0.361219376301E+02    0.480287386941E-14    0.444187312122E-02
    0.159222561800E-03    0.361925844043E+02    0.460506160164E-14    0.445056047378E-02
    0.159426399851E-03    0.362633738964E+02    0.440339549628E-14    0.445926537621E-02
    0.159636389795E-03    0.363339903754E+02    0.418465126886E-14    0.446794900341E-02
    0.159844937042E-03    0.364046670442E+02    0.398960238550E-14    0.447664003207E-02
    0.160053342332E-03    0.364753370963E+02    0.379493448345E-14    0.448533024709E-02
    0.160266200286E-03    0.365458835651E+02    0.359812800633E-14    0.449400526521E-02
    0.160471255555E-03    0.366166571713E+02    0.340184982328E-14    0.450270821416E-02
    0.160674191584E-03    0.366875059190E+02    0.321793406035E-14    0.451142040317E-02
    0.160877539438E-03    0.367583265601E+02    0.300906656166E-14    0.452012913594E-02
    0.161085307637E-03    0.368290206123E+02    0.280663002744E-14    0.452882230223E-02
    0.161290769621E-03    0.368997868406E+02    0.262526260614E-14    0.453752434392E-02
    0.161496967035E-03    0.369705371195E+02    0.242110064991E-14    0.454622442434E-02
    0.161708453096E-03    0.370411533851E+02    0.222431618505E-14    0.455490802529E-02
    0.161917325406E-03    0.371118357980E+02    0.203858356459E-14    0.456359976031E-02
    0.162120244011E-03    0.371826981384E+02    0.185152512918E-14    0.457231362080E-02
    0.162324961157E-03    0.372535164132E+02    0.165572833719E-14    0.458102206259E-02
    0.162533591640E-03    0.373242502006E+02    0.146611394052E-14    0.458972011506E-02
    0.162740638098E-03    0.373950313806E+02    0.127619966924E-14    0.459842399536E-02
    0.162941585456E-03    0.374660095943E+02    0.107171413289E-14    0.460715210465E-02
    0.163162017943E-03    0.375364281790E+02    0.869292160617E-15    0.461581139701E-02
    0.163377898126E-03    0.376070257424E+02    0.684358246307E-15    0.462449269818E-02
    0.163588560302E-03    0.376777888661E+02    0.498198926787E-15    0.463319435811E-02
    0.163825948817E-03    0.377477657046E+02    0.274544781598E-15    0.464179932944E-02
    0.164088711608E-03    0.378169952574E+02    0.880393786588E-16    0.465031240792E-02
